0.85938	-0.340206
1.05984	-0.250877
1.10763	-0.551977
1.09262	-0.33208
0.883303	-0.345685
1.07044	-0.390835
1.04503	-0.316865
1.03531	-0.300621
1.30141	-0.499745
1.0771	-0.0707124
0.881791	-0.034342
0.832053	-0.418127
1.18137	-1.28295
1.43467	-1.70539
1.78758	-2.05027
3.01041	-3.51519
2.12389	-2.33681
1.76081	-1.66924
1.33173	-0.901803
1.4781	-0.982206
1.39034	-0.922513
1.65963	-1.32836
1.36133	-1.24153
1.06371	-0.742236
1.0266	-0.705695
1.32864	-0.935307
1.3857	-0.991167
1.48251	-1.01554
1.77505	-1.42897
1.52492	-1.14254
0.727166	-0.495567
0.472602	-0.155186
0.592808	-0.201268
0.868598	-0.49253
0.984739	-0.63983
1.0876	-0.786365
1.17336	-0.896836
1.17789	-0.847182
1.44225	-1.22071
1.18521	-0.746489
1.36452	-1.00081
1.79119	-1.61875
1.87307	-1.91517
2.35007	-2.48539
2.81961	-3.3219
2.32137	-2.53342
1.97498	-1.90179
2.19692	-2.19493
2.37125	-2.41971
2.16252	-2.11912
2.258	-2.20697
2.07935	-1.95629
2.18603	-2.08448
1.89686	-1.82932
2.06857	-1.79234
1.63667	-1.49006
1.53476	-1.30124
2.02616	-1.87369
1.98236	-1.71458
2.18467	-1.99024
2.13779	-1.88627
2.35003	-2.05707
2.04771	-1.72242
1.6643	-1.24819
1.32155	-1.10579
1.29945	-1.3278
1.18206	-1.38792
0.9724	-1.21269
1.08068	-1.28902
1.15332	-1.36014
0.971096	-1.1375
0.998171	-1.08718
1.16376	-1.20811
1.29341	-1.2266
1.50134	-1.45302
1.80467	-1.6886
1.762	-1.6541
1.39668	-1.12208
1.46638	-1.26285
1.67809	-1.67178
1.61629	-1.66378
1.44797	-1.59577
1.40461	-1.3491
1.4522	-1.1038
0.969255	-0.83197
0.0765383	-0.58971
0.739331	-0.558823
0.384309	-0.800813
0.250762	-1.11693
0.831026	-1.48148
1.21939	-1.73757
1.94018	-2.52373
1.85565	-2.13677
2.00851	-2.15369
2.23883	-2.40588
2.55971	-2.86541
2.72495	-3.03523
2.60219	-2.73994
2.30907	-2.15162
2.58084	-2.66261
2.30164	-2.18535
2.76074	-3.03424
2.75784	-3.0941
3.23243	-4.08539
2.5836	-2.9371
1.6275	-1.61037
1.51278	-1.89053
3.96222	-5.06332
3.70518	-4.48355
3.08331	-3.30326
2.18751	-2.04457
2.12631	-2.1384
1.96396	-2.01542
1.9276	-1.8041
1.76644	-1.36054
1.46013	-1.31547
1.94287	-1.79655
1.52698	-1.28312
1.23663	-1.19216
0.939201	-0.907661
1.44192	-1.09644
1.41871	-1.1532
1.08727	-0.778733
0.756287	-0.626409
0.860205	-0.733755
0.639111	-0.37442
0.642817	-0.36766
0.933403	-0.831759
0.928419	-0.903607
1.23881	-1.1807
1.45465	-1.50573
1.81097	-1.78495
0.811698	-0.559471
0.217098	-0.322389
0.317646	0.0746737
0.57944	0.205171
0.582116	0.350804
0.520996	0.343622
0.364013	0.206389
0.488572	0.200398
0.497612	0.410213
0.301367	0.435511
0.444919	0.576891
0.573487	0.712455
0.21562	0.416749
0.215765	0.384346
0.427641	0.190671
0.685586	0.104516
0.853648	0.0319181
0.787871	-0.15115
0.893685	-0.673923
0.982385	-0.813586
0.963108	-0.744327
0.798409	-0.392708
0.844761	-0.350621
0.422722	-0.17913
0.949135	-0.601987
0.903911	-0.717869
1.21104	-1.0627
1.30403	-1.15105
1.2316	-1.14964
1.0117	-0.99413
1.02449	-1.12177
0.980318	-1.17641
0.883178	-1.11201
1.04222	-1.32124
0.947696	-1.15053
1.40078	-1.77102
1.44909	-1.67406
1.09557	-1.10215
1.15123	-1.19547
1.5369	-1.70189
1.74234	-1.80349
1.90664	-1.84674
2.12775	-2.05243
2.13482	-2.10269
1.91297	-1.85561
1.32866	-1.17959
1.23255	-0.946838
1.78236	-1.36013
1.35242	-1.03492
1.04905	-0.599834
1.34925	-1.02058
1.32035	-0.933407
1.16931	-0.549936
1.08282	-0.217053
0.857866	-1.08157
1.00346	-1.39839
1.0579	-1.44205
0.935223	-1.22364
0.940373	-1.1765
1.06676	-1.24895
1.34041	-1.51073
1.0311	-1.00886
0.942576	-0.840007
0.867352	-0.958166
0.57698	-0.300119
0.656121	0.043991
0.707764	0.156886
1.05867	-0.213313
1.11197	-0.411143
0.540929	-0.279324
0.658375	-0.528423
1.1486	-1.10092
0.871876	-0.786509
1.11281	-1.07088
1.41814	-1.42694
1.95871	-2.14848
2.38784	-2.93067
2.35702	-2.73153
2.27868	-2.34048
1.65092	-1.63827
2.8347	-3.43874
2.81131	-3.64027
2.62204	-3.15106
2.6774	-3.14534
3.11486	-3.89406
2.51525	-2.686
2.41242	-2.42471
2.49912	-2.67529
2.73056	-3.01189
2.68988	-3.05585
2.23613	-2.14425
2.16155	-2.07814
1.8799	-1.6565
1.84767	-1.74493
0.832331	-1.22349
0.153116	-0.952363
0.242052	-0.992605
1.43435	-1.49056
1.64603	-1.70922
1.49356	-1.65853
1.58692	-1.76201
1.70695	-1.87183
1.97308	-2.26387
1.67035	-1.84152
1.2373	-1.29418
1.16102	-0.725993
1.28089	-1.0543
0.93972	-0.563784
1.17264	-1.00367
1.22343	-1.03743
0.973133	-0.386886
1.0226	-0.273483
0.820039	-0.209907
1.09223	-0.56529
1.2576	-0.858172
0.968434	-0.284166
1.01425	-0.304375
1.15041	-0.428818
0.954952	-0.389726
0.862188	-0.0383907
0.890099	-0.140034
0.927966	-0.116813
0.840969	-0.144266
1.0254	-0.251485
1.67327	0.397037
0.918788	-0.065088
0.659476	-0.0444319
0.610106	-0.125461
0.822562	0.0434575
0.770796	-0.146823
0.665514	0.111033
1.03318	0.18783
0.964103	-0.124714
1.05584	-0.134586
0.919612	-0.180712
0.895773	-0.141602
0.875504	-0.177978
1.08508	-0.245671
1.12536	-0.349457
1.39304	-0.602516
1.25614	-0.392531
1.19568	-0.536712
1.15369	-0.367098
1.05339	-0.477616
1.07681	-0.324464
1.02699	-0.153498
1.04869	0.0234691
0.903555	-0.157413
0.931977	0.0659876
0.971371	-0.208193
1.01871	-0.188292
0.910001	-0.113706
1.02069	-0.276775
0.983487	-0.273122
0.922278	-0.13164
1.2184	-0.346412
1.14766	-0.32108
1.10513	-0.194196
0.963672	-0.12571
0.944045	-0.363638
0.616875	-0.0339383
0.564947	-0.0854983
1.04107	-0.620991
1.60437	-1.28774
1.4946	-1.0333
1.05414	-0.693575
1.20703	-0.948925
1.27002	-0.932098
1.45289	-1.06732
1.68121	-1.30221
1.97465	-1.73773
2.33547	-2.28831
2.10648	-2.01133
1.85817	-1.82917
1.66654	-1.73429
2.33544	-2.3484
2.59877	-2.71482
0.722389	-0.994012
0.240926	-1.1612
-0.0592735	-1.2634
-0.0755039	-0.995516
-0.0678442	-1.07727
-0.0612247	-1.22952
0.232024	-1.27584
0.552764	-1.43375
0.802796	-1.44502
0.949916	-1.37895
1.1494	-1.32671
1.39903	-1.50353
1.62862	-1.66852
1.64246	-1.5643
1.57255	-1.39243
1.70866	-1.52547
1.99067	-2.02782
2.03412	-2.04855
2.365	-2.53867
2.41278	-2.42521
2.34191	-2.38649
2.10372	-2.12009
2.21275	-2.40033
2.36962	-2.49006
2.56258	-2.83243
2.05307	-2.11786
1.73908	-1.92185
1.25848	-1.38027
1.18539	-1.4339
0.982273	-1.39337
0.772652	-1.26681
0.390063	-0.999363
0.349898	-0.982361
0.607427	-0.716689
1.57823	-1.48574
1.56552	-1.58322
1.84822	-1.90481
1.45222	-1.44403
1.12848	-1.20519
0.371988	0.0919519
0.397404	-0.130325
0.860235	0.0977272
1.17765	0.527047
1.05447	0.263477
1.0779	0.017155
0.922134	-0.165354
0.736173	-0.223942
0.865615	-0.394044
0.966398	-0.641485
0.813779	-0.309665
0.743815	-0.316284
0.904185	-0.493873
0.827134	-0.307896
0.484606	0.341197
0.186068	0.765699
0.0335332	0.956551
0.438481	0.330601
0.821009	-0.24419
1.13178	-0.954132
1.1164	-1.08088
1.12523	-1.00688
0.911924	-0.756233
0.969384	-0.860336
0.933427	-0.898502
1.17614	-1.11175
1.46796	-1.46011
1.38544	-1.35399
1.17982	-1.23188
1.15724	-1.35626
1.32033	-0.968097
1.33011	-0.903241
1.35039	-1.02282
0.969123	-0.540276
0.858573	-0.335185
1.00526	-0.689631
1.1674	-0.821254
0.955808	-0.579266
0.735693	-0.359583
0.604217	0.182645
0.775156	-0.101383
1.16255	0.345356
1.40967	0.49558
0.864973	0.00687444
0.750019	0.00127612
0.764974	-0.414374
0.884437	-1.22354
1.50768	-1.92815
1.63169	-2.00896
1.74875	-2.18404
1.59868	-1.81826
1.69266	-1.86942
1.89275	-2.14192
2.1476	-2.24905
2.03077	-2.22817
1.6474	-1.63895
1.4448	-1.33064
1.43117	-1.43308
1.75946	-1.87786
1.30877	-1.28157
1.27498	-1.12108
0.986264	-0.54967
0.487969	0.0732233
0.456398	0.425313
0.450659	0.448828
0.577529	0.37282
0.479424	0.455204
0.488529	0.187141
0.319366	0.375495
0.291072	0.543465
0.56011	0.489747
0.367179	0.305527
0.0966609	0.219553
0.412211	0.453673
0.471634	0.574458
0.439844	0.685744
0.47009	0.403118
0.665886	0.303962
0.622811	-0.07262
0.995498	-0.108889
0.824349	-0.198795
0.98503	-0.548928
1.04218	-0.659865
1.19332	-0.468403
1.15678	-0.374413
0.965533	-0.227971
1.11099	0.363563
1.37158	0.182406
1.39773	-0.195828
1.14061	-1.04726
1.48606	-1.04225
1.93514	-1.5131
1.76412	-1.26613
1.09002	-0.447855
1.98711	-1.51542
1.8528	-1.67839
1.84882	-1.72649
1.05561	-0.912338
1.1598	-0.847201
1.30678	-0.931692
1.14097	-0.66459
0.999867	-0.417825
1.18726	-0.67016
0.859796	-0.416196
0.866849	-0.465378
0.998892	-0.242728
0.968879	-0.586798
0.60068	-0.911079
0.933083	-1.31773
1.19994	-1.45029
1.4172	-1.59515
1.53944	-1.67815
1.68962	-1.83953
1.69151	-1.82587
1.53595	-1.61767
1.58537	-1.72007
1.77291	-2.07117
1.9929	-2.45275
1.97855	-2.38603
1.59678	-1.73791
1.59292	-1.70241
1.63474	-1.67605
1.53335	-1.57192
0.84413	-0.693753
0.702401	-0.367299
0.319629	-0.242751
0.335678	-0.187477
0.461148	-0.108433
0.235347	0.106991
0.178785	0.0109344
0.305689	3.45632e-06
0.359104	-0.146906
0.356769	-0.353705
0.881573	-0.656028
1.24577	-1.09226
0.886788	-0.813068
0.68973	-0.60396
0.333466	-0.409818
1.03789	-1.01882
0.923741	-1.50873
0.637516	-1.34999
0.451377	-1.32732
0.336686	-1.24678
0.265477	-1.33413
0.285245	-1.34482
0.275164	-1.28915
0.418885	-1.31481
0.627568	-1.38015
0.821794	-1.44468
0.893894	-1.34166
1.12496	-1.45536
1.37131	-1.52892
1.77129	-1.87768
1.9098	-1.96096
2.23583	-2.30809
2.52113	-2.64654
2.89403	-3.23404
2.66771	-2.69868
2.70694	-2.58861
2.64513	-2.5485
2.18495	-1.67481
2.33865	-1.9546
1.68824	-1.27475
2.22502	-1.97776
1.91282	-1.48581
1.58728	-1.32462
2.04039	-1.86926
1.4834	-1.24884
2.04614	-1.85026
1.72129	-1.41391
1.211	-1.02411
0.661553	-0.516313
0.511172	-0.373392
0.53496	-0.342793
0.920919	-0.566191
1.11046	-0.729891
1.069	-0.700651
1.11015	-0.608106
1.1601	-0.522921
1.59801	-0.987042
0.826993	-0.146196
0.205238	0.114552
0.127934	-0.111025
0.264026	0.0833774
0.249738	0.403214
0.446101	0.284419
0.180019	0.00623453
0.350516	-0.152311
1.0456	-0.86705
1.14887	-0.834341
1.67224	-1.42332
1.56223	-1.16496
1.45535	-0.966768
1.70227	-1.30521
1.74986	-1.37968
1.71933	-1.34497
1.57909	-1.233
1.91109	-1.787
2.08292	-2.10567
1.96603	-1.85801
1.55061	-1.5766
1.76397	-1.64854
2.67867	-3.26934
3.02362	-3.76234
3.32625	-4.19937
3.17886	-3.3881
1.96713	-1.83649
2.07186	-2.08131
2.31788	-2.44186
2.56831	-2.84954
2.11928	-2.26135
2.19065	-2.28303
1.77557	-1.51567
1.94145	-1.69735
2.058	-2.1533
1.66317	-1.68535
1.24452	-1.11429
1.18557	-1.05969
1.20124	-1.07991
1.11522	-0.995061
1.11398	-1.03273
1.21016	-1.17102
1.26643	-1.2971
1.33049	-1.47328
1.24762	-1.50467
1.0508	-1.45047
1.09503	-1.50468
0.8285	-1.05307
0.981817	-1.19296
1.1591	-1.48817
1.41033	-1.81786
1.0952	-1.434
1.29895	-1.68444
1.09014	-1.4296
0.948371	-1.07081
0.567964	-0.696801
0.440768	-0.513238
0.213833	-0.108152
0.525522	0.457369
0.592683	0.51628
0.551263	0.590298
0.747266	0.515211
0.600157	0.408417
0.689581	0.5078
0.712574	0.455424
0.47847	0.16298
0.443067	0.131813
0.370361	0.286029
0.725196	0.360986
0.749892	0.342427
0.608322	0.285576
0.777136	0.282522
0.810101	-0.067466
0.837192	-0.284426
0.9281	-0.440611
0.746866	-0.504166
0.802491	-0.551788
1.06508	-0.630941
0.953361	-0.555652
0.714006	-0.416875
1.03904	-0.77715
0.744551	-0.435625
0.389488	0.346414
0.471675	0.249107
0.593906	0.467539
0.507412	0.432135
0.463227	0.338609
0.603169	0.197987
0.69853	0.598955
0.71277	0.744927
0.694458	0.554412
0.715201	0.726709
0.496758	0.231794
0.425179	0.0714319
0.507883	-0.647879
1.72672	-2.04164
1.83136	-2.23519
2.40717	-2.94447
2.32807	-2.32371
2.68839	-2.80807
1.98296	-2.21272
2.32699	-2.89002
1.99707	-2.3983
2.0345	-2.39853
2.2893	-2.70541
2.1848	-2.68684
2.46266	-2.96782
2.2558	-2.54207
2.1775	-2.30264
2.00486	-1.70847
1.93927	-1.66414
2.21593	-2.27742
1.70768	-1.4631
1.28144	-0.843001
1.46989	-1.00215
1.34306	-0.726969
1.30954	-0.607311
1.21866	-0.682719
1.04042	-0.609592
0.715083	-0.293444
0.727311	-0.402111
0.873762	-0.776177
0.829174	-0.925582
0.814453	-0.907635
0.732435	-0.97334
0.732329	-0.855086
0.421625	-0.573112
0.379112	-0.562451
0.558002	-0.67699
0.774219	-0.964542
1.16588	-1.16791
1.2924	-1.09052
1.43215	-1.03898
1.23739	-0.696675
1.10521	-0.699891
0.959349	-0.478329
0.87089	-0.366054
0.7924	-0.305371
0.820395	-0.556484
0.687751	-0.764411
0.9645	-1.542
1.70646	-1.69165
2.19936	-1.95559
2.5204	-2.52046
2.43072	-2.33045
2.31218	-2.32714
1.95146	-1.87248
1.82595	-1.71335
1.94814	-1.6967
1.60198	-1.42373
1.30801	-1.09836
-0.248625	0.0183563
-0.0456572	-0.323947
0.342883	-0.400214
1.24567	-1.11855
1.38341	-1.16842
1.55597	-1.31136
1.47228	-1.16488
1.32973	-1.00276
1.07276	-0.804842
0.869825	-0.572526
0.697204	-0.472863
0.840075	-0.902138
1.09273	-1.26509
0.885462	-1.35199
1.03576	-1.23204
1.0107	-0.944494
0.865651	-1.22089
0.519917	-1.22328
0.328924	-1.31506
0.238062	-1.35227
0.312826	-1.42803
0.819611	-1.40641
0.940545	-1.47705
1.16436	-1.5291
1.24359	-1.46011
1.17713	-1.11168
1.36073	-1.37898
1.2611	-1.16878
0.971617	-1.11999
0.475736	-0.669552
0.555362	-0.290697
0.597799	-0.290821
0.85889	-0.259513
0.83238	-0.135258
0.852258	-0.0686684
1.00035	-0.134173
0.98257	-0.338756
1.03636	-0.156277
1.18622	-0.72539
1.95095	-1.83148
1.91992	-1.87578
1.43074	-1.35741
1.486	-1.36006
1.31939	-1.15921
1.25677	-1.04803
1.19414	-0.941368
1.40133	-1.24743
1.60841	-1.38095
1.63709	-1.4481
1.68193	-1.59017
1.926	-1.90955
2.06852	-2.16157
2.154	-2.27935
2.0495	-2.33715
2.86209	-3.50176
1.48477	-1.62533
1.21402	-1.06111
1.62328	-1.68604
0.762724	-0.935009
0.626514	-0.702349
0.820971	-0.371987
1.46287	-1.23905
2.30812	-2
2.22512	-2.21648
2.73534	-3.0827
2.14131	-2.29254
2.13363	-2.16188
1.55349	-1.52778
1.33723	-1.17138
1.54717	-1.43257
1.17129	-0.9406
0.854514	-0.418077
0.863275	-0.438367
1.26863	-0.616955
1.03045	-0.431031
0.925374	-0.180927
0.852827	0.0517145
1.1329	-0.548087
0.905195	-0.0124556
1.01757	-0.193035
1.12804	-0.379189
0.992009	-0.358358
1.09324	-0.28645
1.14087	-0.133099
1.21731	-0.407585
0.974018	0.0970222
0.932406	-0.0838044
1.04475	-0.253317
1.14214	-0.422274
0.926628	-0.746711
0.95619	-0.493891
0.764893	-0.156533
1.39905	-1.30026
0.891025	-0.202178
0.951028	-0.251449
0.970876	-0.256173
0.873306	-0.0723855
0.671832	-0.218497
1.0609	-0.860589
1.3062	-1.02018
0.898512	-0.549331
1.0572	-1.0417
0.907299	-0.647391
1.01171	-0.703803
0.640579	-0.509135
0.324295	-0.110778
0.812565	-0.392569
0.417268	-0.379192
0.484984	-0.38655
0.765302	-0.486431
0.763281	-0.397985
0.839716	-0.410844
1.01526	-0.573557
1.40666	-0.962531
1.37173	-0.967843
1.38251	-0.963179
1.5478	-1.18016
1.15022	-0.87634
0.979982	-0.592152
0.841107	-0.454194
0.617812	-0.222478
1.05677	-0.694306
0.595036	-0.193989
0.794988	-0.328483
0.743106	-0.330218
0.705742	-0.332711
1.16427	-0.896835
1.539	-1.52705
1.59924	-1.36421
1.2328	-1.02828
1.79816	-1.55906
2.03675	-1.89731
1.64109	-1.42371
1.43997	-1.10951
1.85139	-1.67005
1.52524	-1.2223
1.09392	-0.938853
1.18221	-1.27772
0.842888	-0.953448
0.814905	-1.0886
0.859156	-1.17641
0.948794	-1.3224
0.892737	-1.29611
0.915392	-1.34244
0.754716	-1.2
0.685237	-1.1899
0.549619	-1.03294
0.615924	-1.09382
1.00566	-1.34227
1.75326	-1.75319
1.79341	-1.61784
1.67002	-1.5036
1.57987	-1.51361
1.59425	-1.4642
2.02132	-1.9861
1.65829	-1.43681
2.03099	-1.99956
1.41122	-1.25345
1.31877	-1.32378
1.46388	-1.52629
1.35369	-1.33753
1.1789	-1.35248
1.19677	-1.25786
1.04776	-0.870346
1.09472	-0.783074
1.05774	-0.530369
1.2477	-0.718184
1.49366	-0.729111
1.49668	-0.72813
1.40072	-0.738683
1.18038	-0.291782
1.05016	-0.413993
1.16869	-0.525461
0.955122	-0.372564
1.04177	-0.116811
0.902487	0.0129675
1.05272	-0.280907
1.14518	-0.393755
0.968326	-0.189977
0.736333	-0.054806
1.04892	-0.2283
1.0787	-0.141562
1.06005	-0.28922
1.52251	-0.917656
1.70795	-0.940114
1.2163	-0.744208
1.5769	-1.04269
1.78304	-1.17486
1.1887	-0.562614
1.4694	-1.06765
1.4592	-1.32102
1.51629	-1.6581
1.23248	-1.40525
1.01257	-1.18055
1.221	-1.51383
1.30225	-1.69115
1.20229	-1.58676
1.08437	-1.54517
1.10376	-1.51069
1.04058	-1.49585
0.916751	-1.24775
0.727516	-1.01699
0.569726	-0.851624
0.461326	-0.503965
0.567003	-0.52285
0.843382	-0.672444
1.02092	-0.796759
1.15993	-0.802597
1.21145	-0.728999
1.30165	-0.695826
1.49062	-0.969103
1.45767	-0.780968
1.51843	-0.782967
1.23931	-0.511101
1.07919	-0.382306
0.882636	-0.178303
0.807174	0.236813
1.22703	-0.357817
1.26168	-0.617962
1.37015	-0.794759
1.60646	-1.18374
1.24354	-0.679988
0.92455	-0.232861
0.889678	0.333899
0.960355	0.276216
1.23132	-0.564927
1.51865	-1.13149
1.65129	-1.36125
1.43719	-1.06066
1.01067	-0.376422
0.792907	-0.229489
0.641116	-0.126659
0.692323	-0.134882
1.05727	-0.498064
0.691468	-0.0697934
-0.0398986	0.385042
0.107402	0.232786
0.549999	0.509265
0.286011	0.482092
0.52885	0.49928
0.673798	0.835527
0.403531	0.593774
0.618931	0.609801
0.812134	0.552135
0.850384	0.726237
0.863242	0.799655
0.448963	0.662864
0.249866	0.278298
0.0382011	-0.299531
0.370676	-0.846344
0.504074	-0.96864
0.372251	-0.838946
0.279691	-0.904345
0.090067	-1.11755
0.089404	-1.05615
1.1585	-0.922852
1.37403	-1.01467
1.72124	-1.75144
1.35498	-1.35503
1.25319	-1.24449
1.23169	-1.3341
1.35566	-1.55631
1.33118	-1.54711
1.26874	-1.39887
1.30637	-1.30315
1.10843	-0.911571
1.05719	-0.698673
0.859932	-0.566632
0.896499	-0.555244
0.719562	-0.120634
0.864211	-0.120862
0.84185	-0.385875
0.701156	-1.07379
0.61743	-1.34549
0.639254	-1.30505
0.757318	-1.28735
0.703597	-1.07599
0.902932	-1.01776
1.04517	-0.953514
1.01133	-0.855859
1.06323	-0.829919
1.07039	-0.608787
1.22833	-0.733523
0.517425	-0.263458
0.451961	-0.197334
0.202298	-0.0411819
0.690104	-0.512481
0.591866	-0.410522
0.50427	-0.356476
0.551927	-0.628346
0.509428	-0.577182
0.64986	-0.474863
0.999904	-0.901126
1.23188	-1.38179
1.0221	-1.08364
1.044	-1.07215
0.207122	-0.0237065
0.0987617	0.100356
-0.0607365	0.244975
0.184986	0.207764
0.815322	-0.370298
1.24344	-0.814146
1.696	-1.43461
1.19646	-0.744947
1.624	-1.35317
1.85238	-1.69232
1.94084	-1.72083
2.03617	-1.79365
2.42028	-2.33538
2.43402	-2.34436
2.0508	-1.68119
1.88335	-1.52031
2.02385	-1.63484
2.002	-1.64865
1.79977	-1.57192
1.84902	-1.87037
0.969743	-0.933025
1.13963	-0.918114
1.39483	-1.10971
1.12097	-1.07951
0.698062	-0.430002
0.883551	-0.267076
0.960359	-0.617643
0.921156	-0.400639
1.00457	-0.633173
1.29546	-1.04015
1.2072	-0.941676
1.30422	-1.14963
1.35532	-1.07757
1.207	-0.790721
1.18022	-0.763962
1.21163	-0.673521
1.23307	-0.759413
1.04975	-0.466638
1.01763	-0.284517
1.08428	-0.17489
0.925582	-0.0409061
0.848463	-0.0901054
0.918705	-0.322697
1.03958	-0.154826
1.10059	-0.0644591
0.91114	-0.153611
1.09402	-0.168903
1.07075	-0.167221
1.01512	0.030397
1.08	-0.334053
0.934082	-0.111418
1.04614	-0.233288
0.896098	0.035464
0.996507	0.0797
1.06065	-0.00420979
1.08819	-0.324826
1.17961	-0.345001
1.15759	-0.383742
1.01518	-0.170247
0.817261	-0.0439488
0.968633	-0.494538
1.28533	-0.690968
0.97271	-0.246892
1.00254	0.27402
0.962118	0.215584
0.537068	0.331557
0.470191	0.0232731
0.366195	0.0946153
0.36899	0.0826423
0.73881	0.182567
0.61722	0.334892
0.582229	0.0714233
0.918577	0.249733
0.949377	0.120516
0.87088	0.212824
1.02221	0.404756
0.894616	0.00181372
0.831374	-0.102983
0.859986	-0.0950838
0.879439	-0.0424955
0.870055	0.0754381
0.951363	0.0664483
0.966256	-0.263953
0.957415	-0.270604
0.992967	-0.527699
0.704008	-0.0384549
1.99029	1.75919
0.753644	0.389517
0.752464	-0.0430137
0.812976	-0.092813
0.471804	0.0474982
0.841285	0.388043
1.08882	-0.252123
0.931288	-0.086181
0.913538	-0.0132489
0.918549	-0.217485
1.02777	-0.200968
0.970396	-0.220089
0.699824	-0.109081
0.831667	-0.115763
1.32093	-0.682525
0.559393	0.0947962
1.81862	-0.958302
2.24685	-1.7605
2.39454	-1.50286
1.82558	-1.22426
2.07366	-1.50644
1.74046	-1.0091
1.42691	-0.752953
1.82003	-1.21722
2.17153	-1.7209
2.64254	-2.2738
2.72286	-2.58677
2.37708	-1.98804
1.70369	-1.19073
1.49724	-0.939664
1.44736	-1.02819
1.32738	-0.85864
0.863377	-0.49591
0.867037	-0.238598
0.710994	-0.165606
0.711354	-0.477117
0.74041	-0.458076
0.800459	-0.821753
0.653942	-0.884163
1.08154	-0.991868
1.56968	-1.62728
1.51175	-1.36639
1.08545	-1.02016
0.767078	-0.570299
0.899017	-0.571617
1.12796	-0.475853
0.149999	0.273038
-0.197375	0.232068
0.0300067	-0.0210635
0.16932	0.0368919
0.196146	0.250828
0.28341	-0.126619
0.530995	-0.272597
0.260543	-0.310565
1.11414	-1.00477
1.76477	-1.94886
1.64122	-1.82488
1.75477	-1.94057
1.31122	-1.29643
1.23346	-1.10363
0.812567	-0.634416
0.637778	-0.402575
0.816987	-0.559678
0.813684	-0.430447
0.769774	-0.4211
0.853925	-0.466721
1.15993	-0.771432
1.51512	-1.24805
1.7806	-1.5878
2.00179	-1.83442
2.06809	-1.79882
2.05529	-1.92986
1.95862	-1.79039
2.30147	-2.57493
1.52644	-1.48507
1.32934	-1.48572
1.20866	-1.58898
0.979163	-1.38186
0.827242	-1.36816
0.761149	-1.33229
0.708599	-1.23693
0.689279	-1.22207
0.680165	-1.17025
0.60971	-1.05985
0.64472	-0.975587
0.720211	-0.896594
1.01274	-1.04248
2.03738	-1.9168
2.72323	-3.11162
2.42286	-2.6235
2.15188	-2.20477
2.5619	-2.85614
2.47069	-2.83182
1.64666	-1.72839
0.835796	-1.03615
0.591738	-0.404706
0.799409	-0.0075281
0.465285	0.0244541
0.388543	0.0247239
0.695671	0.561656
0.514349	0.237705
0.458387	0.447178
0.0798283	0.0665994
0.437671	0.0306279
0.93431	-0.307948
0.955796	-0.473243
1.07532	-0.597843
0.805111	-0.116893
0.934302	-0.346526
1.01176	-0.519256
1.05976	-0.418377
1.85982	-1.53483
1.7929	-1.48544
1.79201	-1.40881
2.13779	-2.01601
2.52612	-2.48822
3.06934	-3.00187
2.93889	-3.22225
2.85121	-3.1343
1.83772	-1.66253
1.84389	-1.69591
2.00822	-2.13538
2.37135	-2.62274
1.92225	-2.09628
1.39789	-1.44593
0.915159	-0.681237
0.921533	-0.542137
0.892343	-0.505545
0.889361	-0.43276
0.87088	-0.422037
0.884158	-0.442763
0.913152	-0.456861
1.29631	-0.718559
0.802446	-0.219786
0.125103	0.134393
0.325342	0.252979
0.683618	0.530135
0.556744	0.532615
0.71238	0.552677
0.436769	0.413846
0.408327	-0.0398246
0.806274	-0.241106
1.02027	-0.411941
1.08066	-0.442744
0.860758	-0.178611
0.951452	-0.125335
0.524115	-0.162133
1.4437	-1.01964
2.02459	-1.63791
2.21901	-1.91572
1.6462	-1.12765
1.46429	-0.808374
1.45243	-0.805801
1.6054	-1.04407
1.5897	-0.977865
1.68874	-1.16002
1.74248	-1.26399
1.52271	-0.928492
0.656157	-0.361569
1.27861	-0.721905
0.997567	-0.483846
1.39304	-0.879865
1.11615	-0.693913
1.28231	-0.845559
1.82832	-1.83105
2.58013	-2.9176
1.90418	-1.68455
1.94586	-1.65717
2.05348	-1.80178
2.1879	-2.10164
1.8478	-1.78753
1.29405	-1.05794
1.08486	-0.928511
0.850252	-0.855525
0.816329	-0.828615
0.888077	-1.00934
0.708846	-0.887489
0.56424	-0.922686
0.280164	-0.789489
0.214949	-0.593994
1.23085	-1.07538
1.791	-1.60624
1.04714	-0.622406
1.72768	-1.25386
1.00905	-0.810691
0.998834	-1.18137
0.926157	-0.966535
0.227169	-0.00869127
0.012272	0.286509
0.293857	0.316231
0.35955	-0.119569
0.389879	-0.609838
0.801519	-0.78032
0.951793	-0.860847
0.986115	-0.895076
0.799612	-0.845082
0.623652	-0.392707
1.04893	-0.71299
1.18231	-0.717398
0.946049	-0.701493
0.872881	-0.5958
0.431861	0.728892
0.857005	0.162442
0.724186	0.487539
0.970356	0.713922
1.06302	0.824547
0.989972	0.68033
1.08435	0.8165
0.730703	0.629267
0.924063	0.494688
1.0934	0.18574
0.953155	-0.764044
0.951767	-1.47103
0.763101	-1.23467
0.613964	-1.0302
0.540833	-0.959405
0.602202	-0.926825
0.818418	-1.07224
1.14377	-1.22863
0.95304	-1.04795
1.0354	-0.976059
1.04195	-0.80791
0.996525	-0.553751
0.970209	-0.407146
0.545126	0.210161
0.535681	0.185687
0.559187	-0.251342
1.14317	-0.902115
0.673799	-0.512803
0.755893	-0.758224
0.899393	-1.01051
0.864531	-0.920627
0.853206	-0.952112
0.683103	-0.76059
0.956379	-1.11282
0.787582	-0.877599
0.779222	-1.00273
0.86513	-1.10928
0.930025	-1.22414
0.963945	-1.36281
0.762727	-1.2459
0.487609	-0.977153
0.230657	-0.534681
-0.449476	-0.656136
-0.18408	-0.419218
0.312272	-0.3087
0.410268	0.113654
0.144914	-0.383853
0.270005	-0.441833
0.643333	-0.786698
0.769697	-1.07277
0.897672	-1.14836
1.06556	-1.43793
1.36326	-1.74276
1.20149	-1.44698
1.26538	-1.46764
1.38631	-1.54339
0.95773	-0.584553
0.933291	-0.634711
0.997177	-0.810523
0.368322	-0.337583
0.473592	-0.200831
0.440542	0.0257873
0.367309	0.297279
0.510217	0.260614
0.900798	0.462442
0.907304	0.527453
0.926552	0.703358
0.993563	0.547592
0.872621	0.288861
0.716597	0.243857
0.917433	0.424333
0.751636	0.284853
1.01448	0.649538
0.629035	0.355172
0.77487	0.262756
0.7389	0.111557
0.946616	-0.238844
0.869299	-0.138922
1.00398	0.023578
1.0183	-0.14293
1.03628	-0.276951
1.01791	-0.0116258
1.01709	-0.132547
1.112	-0.279891
0.881876	-0.0599088
0.990374	-0.248287
0.879718	-0.136464
0.76543	-0.109408
0.714208	-0.161051
0.635391	-0.507284
0.655232	-0.550056
0.815673	-0.608875
0.795909	-0.619134
0.725003	-0.54468
1.17331	-1.05463
1.44286	-1.29485
1.6203	-1.46819
1.51021	-1.42766
1.56363	-1.53046
1.64328	-1.60335
1.4854	-1.3798
1.40814	-1.25522
1.47073	-1.3612
1.43568	-1.28662
1.60059	-1.53614
1.29066	-1.25583
1.37208	-1.32804
1.42357	-1.35422
1.49723	-1.38288
1.62585	-1.19996
1.29438	-1.12749
0.703474	-0.793044
0.99896	-0.988693
1.00302	-1.02812
1.0914	-1.17979
1.12971	-1.34108
1.02476	-1.22411
1.0944	-1.38601
0.990133	-1.15562
1.05447	-1.32459
0.925733	-1.14215
0.972673	-1.25375
0.9151	-1.18341
0.8924	-1.14255
0.852902	-1.08312
1.00523	-1.26222
1.37861	-1.64944
1.78421	-1.94377
2.23102	-2.34551
2.13154	-2.04625
2.19475	-2.30753
1.64803	-1.39953
1.71025	-1.71949
1.62649	-1.72986
1.77792	-1.67231
2.22138	-2.08987
2.77172	-2.9218
3.03242	-3.33701
2.52343	-2.44558
2.37107	-2.09758
2.4946	-2.29953
2.32244	-2.0558
1.96601	-1.48047
2.42443	-2.3155
1.91338	-1.49099
1.92232	-1.49715
2.12833	-1.87516
1.9252	-1.60785
1.94231	-1.58248
2.18818	-1.9645
2.07811	-1.76605
2.18311	-1.96157
1.90233	-1.54609
1.75049	-1.43129
1.72361	-1.51674
1.43628	-1.25031
1.39854	-1.35334
2.0945	-2.06649
2.12146	-2.09538
1.73281	-1.67526
1.1877	-1.61098
1.7847	-1.76128
1.70808	-1.51135
1.76612	-1.45275
1.82951	-1.53338
1.89368	-1.65808
1.85263	-1.57399
1.73073	-1.41504
1.76311	-1.54485
2.00417	-1.89252
2.10018	-2.16672
2.30812	-2.41882
1.92536	-1.776
1.6485	-1.35631
1.91919	-1.71408
1.6652	-1.3173
1.47674	-1.14241
2.25527	-2.05447
2.18532	-1.83592
2.01509	-1.52486
1.59869	-1.40673
1.16684	-1.30334
0.760002	-1.20108
0.455971	-1.09286
0.389513	-1.09524
0.360602	-1.07628
0.515059	-1.17848
0.534555	-1.12223
0.459147	-0.954528
0.465397	-0.835099
0.558131	-0.853518
0.740066	-0.971473
0.977648	-0.9582
0.504984	-0.198609
-0.456326	-0.0907735
-0.263473	-0.168609
0.0506752	-0.0390276
-0.0210477	-0.013371
0.334467	0.213104
0.381837	0.452049
0.640345	0.488017
0.230154	0.0843459
0.27239	-0.157083
0.712573	-0.368377
0.603555	-0.236825
0.82774	-0.436262
0.631553	-0.297278
0.545234	-0.101253
0.762992	-0.197875
2.04375	-1.96189
1.49724	-1.42851
1.70478	-1.63257
2.28151	-2.0534
2.01126	-1.73788
2.15403	-1.98372
1.80457	-1.57399
2.19492	-2.26168
2.08663	-1.99035
2.06108	-1.95956
2.07916	-1.90877
2.15075	-2.01899
2.05225	-1.96078
2.00566	-1.84807
1.71878	-1.44149
1.49948	-1.22393
1.38558	-1.16382
1.4837	-1.41345
1.7535	-1.94975
1.58829	-1.83051
1.5095	-1.93106
0.905465	-1.34082
0.565643	-1.02381
0.596405	-0.709748
2.39231	-2.4842
1.90388	-1.46284
1.82469	-1.31759
1.59241	-1.09814
0.90473	-0.598408
0.909628	-0.89059
0.23633	-0.166947
0.34625	0.337015
0.431945	0.0667103
0.172507	-0.403376
0.376486	-0.652483
0.475758	-0.65556
0.597642	-0.712377
0.612764	-0.690931
0.700714	-0.731049
0.757454	-0.930435
0.409309	-0.721495
0.449805	-0.87474
0.47958	-0.595287
0.698707	-0.0595868
1.1689	0.440166
0.712255	0.208362
1.15853	0.682392
1.27075	0.724546
1.42752	0.763969
1.51071	0.847625
1.52618	1.01545
1.39421	0.910851
1.55315	1.10507
1.38048	0.560655
1.50605	0.965798
1.26462	0.54377
1.06035	0.348178
0.535282	-0.490673
-0.0641525	-0.856541
0.186881	-1.04596
0.207951	-1.21064
0.148253	-0.990732
0.265339	-1.11589
0.238888	-1.08683
0.25008	-1.0262
0.354526	-1.20322
0.337502	-1.13621
0.366727	-1.1317
0.50638	-1.1689
0.451705	-1.26392
0.343343	-0.975713
0.263063	-0.863737
0.583335	-0.706866
0.661061	-0.72702
0.949028	-1.03568
0.925757	-0.678668
1.17925	-1.01362
0.851259	-0.505414
0.741522	-0.419755
0.95589	-0.533299
0.856731	-0.407739
1.11608	-0.47701
0.976925	-0.201417
1.18079	-0.537048
0.72298	0.114215
0.991918	0.374382
0.944513	-0.277938
0.849228	-0.222577
1.28784	-0.445869
1.03234	-0.473473
1.31467	-0.775542
1.05821	-0.304162
1.10354	-0.42812
1.10339	-0.588711
0.924468	-0.643068
0.930405	-0.868633
0.891038	-0.919681
0.141119	-0.490451
0.0311492	-0.451764
0.34856	-0.324175
0.65827	-0.141684
1.05308	-0.532615
1.05829	-0.47008
1.44043	-0.888555
0.672253	-0.323862
-0.0224551	0.0662779
0.1401	-0.0324304
0.0960591	0.102484
0.466632	0.302848
0.653757	0.451526
0.922325	0.61212
0.990763	0.457495
0.806083	0.303439
0.712077	0.138644
0.604999	-0.668634
0.680399	-0.77073
1.04352	-1.0208
0.801582	-0.646353
0.84836	-0.504358
0.871593	-0.513774
0.703895	-0.383735
0.662391	-0.360392
0.454726	-0.167633
0.375028	-0.147582
1.20744	-1.09755
1.37082	-1.29561
1.003	-0.854566
0.722382	-0.352632
1.25491	-0.628847
1.17538	-0.54637
1.00558	-0.577012
0.50884	0.335725
0.45926	0.204023
0.863841	-0.468984
1.20024	-0.742152
1.54684	-1.06619
1.79394	-1.34837
1.90753	-1.52301
1.89854	-1.48619
2.03401	-1.63513
1.96247	-1.52714
1.98498	-1.61595
1.95688	-1.58713
1.98161	-1.7235
1.8605	-1.4856
2.01214	-1.6969
1.58464	-1.35087
1.60558	-1.39986
1.66375	-1.32407
2.05429	-1.96704
1.55129	-1.54547
1.83844	-1.77016
1.4831	-1.46587
1.83787	-1.85997
1.96076	-1.96201
2.2218	-1.87101
2.11158	-1.63522
1.28672	-1.14463
0.844317	-0.837646
0.642296	-0.735926
0.565369	-0.645701
0.591126	-0.605614
0.654057	-0.637277
0.725756	-0.604801
0.898391	-0.805728
0.508482	-0.421227
0.451984	-0.198942
0.751571	0.0876686
0.919763	0.485797
0.945656	0.221521
0.751888	-0.218833
0.518907	-0.370833
1.13084	-0.929838
0.925133	-0.794988
0.945241	-0.697132
1.08108	-0.764683
1.29963	-0.955814
1.48874	-1.23756
0.953048	-0.937387
1.6631	-1.50439
2.06483	-2.03004
2.30285	-2.25537
2.23699	-2.15522
2.36393	-2.38208
2.17909	-2.00038
2.0442	-1.73897
2.26067	-2.00101
2.09668	-1.61662
2.17544	-1.64474
2.5146	-2.5121
2.65244	-3.03898
2.55057	-2.90845
2.64071	-3.05242
2.32079	-2.77787
2.00217	-2.33624
2.37808	-2.83185
2.14931	-2.18176
1.44777	-1.40103
0.750571	-0.486421
0.871564	-0.382182
0.768403	-0.230491
0.859949	-0.301928
0.858095	-0.13144
0.829849	-0.0178736
0.881305	0.0457385
0.797752	0.147223
0.720266	0.19143
0.814755	0.00256346
0.707224	0.00151711
0.448617	0.197756
0.516804	0.0584771
0.884634	-0.546386
1.18502	-0.898641
1.34277	-1.17393
1.32595	-1.3081
1.32171	-1.02494
1.59982	-1.57643
1.71221	-1.69769
1.60159	-1.49634
1.74028	-1.69348
1.44725	-1.36072
1.61227	-1.60905
1.3863	-1.32734
1.13672	-0.998889
1.04015	-1.03636
1.0026	-1.04583
1.18492	-1.19287
1.41338	-1.46541
2.0074	-2.18938
1.77806	-1.61345
1.78409	-1.73147
2.00934	-1.91779
2.0377	-2.04827
2.00044	-2.12529
2.20818	-2.57446
2.09356	-2.41622
1.65842	-1.62528
1.56427	-1.55349
1.81337	-1.77831
1.58822	-1.66598
1.5566	-1.72217
1.48094	-1.42343
1.721	-1.97208
1.538	-1.64961
1.57375	-1.62905
1.10603	-0.970185
0.877862	-0.584189
1.40252	-1.07421
0.964911	-0.552589
0.967099	-0.315342
1.12498	-0.132238
0.991229	-0.310124
1.11773	-0.268442
1.00727	-0.216642
1.16145	-0.573349
1.14026	-0.446783
0.559987	0.190932
0.670265	0.119855
1.33839	-0.536957
1.38711	-0.538144
1.2092	-0.229567
0.952982	-0.339192
1.05839	-0.52173
0.761153	-0.114567
0.791638	-0.216434
0.957344	-0.310559
1.18174	-0.746001
1.62768	-1.02293
1.25089	-0.611357
2.23049	-1.58913
2.10563	-1.72992
1.78437	-1.24321
1.74532	-1.14729
2.1838	-1.68755
3.19342	-3.13955
2.1578	-1.72636
1.85474	-1.31981
2.28832	-1.9276
2.18588	-1.94595
2.5588	-2.71558
2.55348	-2.77905
2.45456	-2.54272
1.97078	-1.86034
2.10025	-2.17965
1.7487	-1.75304
1.58117	-1.50518
1.45569	-1.40435
1.39936	-1.27101
1.27243	-1.09963
1.40795	-1.28389
1.41573	-1.27377
1.31861	-1.12234
1.4721	-1.27558
1.73551	-1.59283
1.74208	-1.58513
2.03689	-2.05806
2.26904	-2.3907
2.14124	-2.04269
2.36378	-2.38609
2.78888	-3.03323
3.36133	-4.34636
2.84539	-3.50972
2.91775	-3.54844
2.9875	-3.61575
2.22813	-2.52033
1.99415	-1.99349
1.49966	-1.48712
1.39058	-1.14535
1.23615	-0.436171
1.64988	-1.34567
2.38773	-2.4046
2.57011	-2.65939
2.5514	-2.47575
2.54561	-2.68675
2.39899	-2.4143
2.0179	-1.98999
1.53031	-1.39922
0.820281	-0.907414
-0.326519	-0.374758
-0.209704	-0.363977
0.181254	-0.521468
0.281584	-0.325174
0.45606	-0.23694
0.257103	-0.544518
0.201177	-0.830993
0.280756	-0.734113
0.252452	-0.668836
0.388743	-0.713995
0.422554	-0.696107
0.434727	-0.646595
0.502304	-0.647162
0.536064	-0.695427
0.942064	-1.0559
0.288659	-0.633434
0.4879	-0.807978
0.63304	-0.464899
0.552878	0.19745
0.598467	0.654301
0.676099	0.390278
0.805485	0.553202
0.756399	0.465879
0.759241	0.492571
0.706093	0.312404
0.6258	0.460424
0.490051	0.299578
0.596744	0.113597
0.400213	0.0738343
0.554251	0.0718586
0.393396	-0.0054179
0.632829	-0.501213
1.28898	-1.03117
0.836626	-0.549194
1.00496	-0.87963
1.0076	-0.988814
1.62714	-1.63805
1.67869	-1.63412
1.88625	-1.80887
1.92278	-1.7266
1.97961	-1.762
2.05993	-1.85929
2.10755	-1.87871
1.80168	-1.43636
1.88689	-1.55697
2.06175	-1.82841
2.43217	-2.45812
2.78518	-2.81834
2.29933	-1.86336
2.6693	-2.60128
2.04888	-1.92047
1.06802	-0.721561
1.41934	-1.0404
1.28116	-0.817234
1.09012	-0.483635
0.95116	-0.364741
0.772784	-0.433462
0.989095	-0.484916
1.10548	-0.52833
1.06917	-0.633672
1.09579	-0.479943
1.08116	-0.59361
0.871084	-0.556314
0.572276	-0.548418
0.771132	-0.849353
0.914025	-0.87581
1.21388	-1.11293
1.72543	-1.74294
1.65704	-1.2826
1.54211	-1.16859
1.34853	-0.848512
1.20833	-0.802323
1.15469	-0.894982
1.17858	-0.930056
1.60657	-1.44988
1.26792	-1.22793
0.56298	-0.838743
0.369991	-0.989817
0.241334	-1.0931
0.121306	-1.12747
0.116705	-1.16107
0.0292707	-1.22476
-0.0627728	-1.16054
0.317419	-1.01223
0.868256	-1.45091
0.848119	-1.04377
0.603872	-0.780959
0.49743	-0.74962
0.220847	0.000664108
0.511386	0.355613
0.290671	0.417399
0.220648	0.20004
0.0261572	-0.422925
0.472344	-0.572843
0.58439	-0.474045
0.704066	-0.542737
0.81575	-0.619483
0.789433	-0.568216
0.799828	-0.530492
0.76684	-0.429391
0.731684	-0.193518
0.757087	-0.433433
0.822534	-0.373476
0.679548	-0.45214
1.01854	-0.661016
0.42331	0.150194
0.38817	0.038419
0.406003	-0.0959352
0.361113	-0.215712
0.400216	-0.303267
0.519789	-0.450943
0.679025	-0.645734
0.808619	-0.894707
1.17748	-1.38036
1.68994	-1.98158
1.19662	-1.10973
0.836175	-0.654035
0.544799	-0.359729
0.686216	-0.408948
0.53864	-0.433772
-0.119073	-0.230389
0.302758	0.10002
-0.0873384	-0.142779
0.0800211	0.310351
0.356372	0.373693
0.180533	0.0301952
0.129393	-0.0845902
0.666182	-0.528147
0.860854	-0.647182
1.00374	-0.757813
1.23387	-1.04085
1.36146	-1.17332
1.34921	-1.15335
1.30157	-1.0625
1.21351	-1.01891
1.19662	-1.10203
1.17818	-1.11888
1.10493	-1.10687
1.19893	-1.15216
1.93818	-1.82137
1.43875	-1.23248
1.20816	-0.762327
0.950797	-0.50211
1.09025	-0.614869
1.25672	-0.789051
1.26228	-0.716304
1.12808	-0.503977
1.06074	-0.319954
1.15469	-0.401573
1.42539	-0.812614
1.58469	-0.943221
1.7255	-1.11206
1.86859	-1.13963
1.04979	-0.723934
0.446751	-0.547605
1.19706	-0.598895
1.4356	-0.758379
1.40839	-0.686153
1.42568	-0.779544
1.54948	-0.964373
1.64931	-1.02443
1.55987	-0.946667
1.92543	-1.38059
1.68778	-1.15709
1.85272	-1.38092
1.71368	-1.27273
1.8923	-1.36281
1.7487	-1.23891
2.13245	-1.85072
2.22519	-1.98608
1.83973	-1.25108
1.97106	-1.41736
2.02036	-1.5513
2.12372	-1.6288
1.74621	-1.25633
1.55687	-1.14018
1.3215	-1.04039
1.18984	-0.7916
1.36436	-0.82292
1.42226	-1.05519
1.14515	-0.818624
1.30703	-0.739451
1.76138	-0.98646
1.49528	-0.898021
1.59053	-1.06351
1.72176	-1.40346
2.07127	-2.15405
2.07206	-2.12517
2.46461	-2.37947
2.89713	-2.71049
2.72236	-2.81335
3.15888	-3.66396
2.58327	-2.71713
2.59711	-2.91612
2.77294	-3.33308
2.63044	-2.91446
2.66446	-2.92905
2.45095	-2.67031
1.66348	-1.4953
0.807846	-0.906904
0.811513	-0.752205
1.69156	-1.07687
1.0635	-0.319027
1.27182	0.303546
1.45872	0.571441
1.65981	0.949285
1.55944	0.860124
1.59183	0.81412
1.88644	1.16143
2.0423	1.17756
1.37339	0.902002
1.38613	0.922196
0.461479	0.156212
0.440537	-0.1028
0.602755	-0.189239
0.615391	-0.112555
0.625462	-0.145529
0.44871	-0.181694
0.75407	-0.0841132
0.888273	-0.433983
0.630013	-0.352445
1.0139	-0.649599
0.597396	0.154785
0.694693	0.0629198
0.726215	-0.124452
2.04312	-1.68487
2.448	-2.29323
2.44164	-2.02473
2.09024	-1.46172
2.05101	-1.3603
2.17056	-1.44451
1.8743	-0.925254
1.82035	-0.812482
1.76924	-0.657864
1.97778	-0.522196
2.36105	-0.961442
2.31189	-0.902769
1.96042	-0.725689
1.94225	-0.855919
1.95524	-1.05669
1.30189	-0.0848789
1.31183	-0.254697
1.94351	-1.23829
2.10837	-1.63773
2.47254	-2.49982
2.30175	-2.2851
2.8895	-3.26323
3.26724	-3.72241
2.49367	-2.6014
1.98052	-1.84024
1.65276	-1.67184
1.09695	-1.23716
1.63023	-1.85962
2.54426	-2.90741
2.83335	-3.44505
2.50378	-2.9447
2.12417	-2.26155
2.02864	-2.03785
1.82612	-1.65535
1.53319	-1.16909
1.45601	-1.0589
1.37911	-0.944466
1.39948	-0.836539
1.32921	-0.862728
1.37134	-0.87833
1.51757	-1.17752
1.13388	-0.833095
1.05719	-0.792808
1.22959	-0.900693
1.22574	-0.964749
0.967481	-0.596114
1.15048	-0.881149
1.08314	-0.809078
1.36818	-1.21152
1.05851	-0.821479
1.13959	-0.980959
1.34279	-1.14954
1.04692	-0.913857
1.21495	-1.09903
0.947765	-0.636702
0.755305	-0.513541
0.908348	-0.620801
0.764851	-0.418225
0.659657	-0.288728
0.770578	-0.294648
1.04492	-0.489478
0.542039	-0.301065
0.238457	-0.270721
0.12127	-0.0950843
0.365042	-0.0157711
0.0245402	-0.0265357
0.301829	0.216607
0.451556	0.238438
0.361171	0.318053
0.250527	0.131903
0.675111	0.348192
0.434808	0.0529057
0.45282	0.167851
0.424124	0.259436
0.466548	0.167181
0.479416	0.137713
0.785034	-0.547965
1.39637	-1.36724
1.63612	-1.985
1.529	-1.66107
1.36084	-1.26785
1.53861	-1.68333
1.27943	-1.32749
1.44079	-1.56766
1.19969	-1.04808
1.57846	-1.93114
1.24986	-1.3347
1.49104	-1.85694
1.51081	-1.63216
1.99147	-2.28964
1.1082	-0.781506
0.609335	-0.193234
0.603546	0.105537
0.799867	0.0244835
0.912167	0.575447
0.819986	0.427211
0.839614	0.467359
0.779332	0.602468
0.608729	0.399038
0.681489	0.434855
0.539307	0.278982
1.01556	-0.601403
0.84908	-0.13201
0.963327	0.0642191
0.888467	-0.170733
0.849768	-0.131642
0.78822	-0.113162
0.90851	-0.261172
1.06758	-0.00237843
1.01509	-0.356358
1.06716	-0.830999
1.36809	-1.12362
1.45595	-1.36579
1.53562	-1.7229
1.34447	-1.09473
1.51048	-1.23547
1.14718	-0.450883
2.23378	-1.69971
2.18011	-1.59284
2.0095	-1.33362
2.40079	-2.07176
2.67756	-2.8758
2.45898	-2.66758
2.29776	-2.67372
2.03132	-2.41374
1.87072	-1.89814
2.3173	-2.33401
2.09231	-1.7725
1.81986	-1.4358
1.72277	-1.20319
1.7021	-1.1723
1.27036	-0.583823
0.711006	0.503317
0.453542	0.451954
0.57847	0.734723
0.800801	0.574901
0.22883	-0.149029
0.709953	-0.199774
0.666212	-0.213032
0.91488	-0.323205
0.744298	-0.166985
0.991788	-0.267645
0.825162	-0.135045
0.933245	-0.319601
0.707804	0.118242
0.567442	-0.199048
0.667035	0.00541957
1.31224	-0.753864
1.49554	-0.962453
1.45556	-0.949357
1.16645	-0.617851
0.873254	-0.329766
1.73621	-1.22108
1.17753	-0.488452
0.794579	-0.39118
0.354622	-0.0666986
0.50679	0.51116
0.457584	0.497783
0.342726	0.497628
0.498093	0.517731
0.69361	0.553199
0.633756	0.584354
0.588057	0.619468
0.777419	0.475293
0.52687	0.200964
0.420402	-0.115212
2.2772	-1.9369
1.87285	-1.49738
1.7275	-1.38635
1.52657	-1.07394
1.57868	-1.09171
1.50385	-0.935745
1.4882	-0.894096
1.60339	-1.04504
1.84365	-1.43919
2.53996	-2.54386
3.50728	-4.04207
2.55409	-2.47845
2.2698	-2.25983
1.65342	-1.16472
0.795353	-0.250159
0.901274	-0.307163
1.48184	-0.983321
1.60517	-0.902932
0.825575	-0.37387
0.804277	-0.277092
0.507362	-0.0863683
0.884681	-0.688879
0.709026	-0.544249
0.90029	-0.63002
0.698121	-0.504035
0.717379	-0.696859
0.828287	-0.855409
0.809773	-0.784449
0.669876	-0.576206
0.76783	-0.717717
0.804126	-0.718392
1.0285	-0.974607
1.16513	-0.935636
1.93452	-2.05403
1.26019	-1.42308
0.292671	-0.570199
-0.086258	0.00405593
0.10037	0.00419755
0.422957	0.0479103
0.416363	0.109292
0.266104	0.0417003
0.882065	-0.41185
0.692155	-0.576989
0.677616	-0.670624
0.728802	-0.86059
1.71397	-1.8934
1.81648	-1.95528
2.07595	-2.24024
1.86928	-2.0152
0.771479	-0.973596
0.334823	-0.702326
0.347092	-1.08855
0.213166	-1.16341
0.122738	-1.24927
0.0503894	-1.31418
0.0702093	-1.30087
0.13519	-1.28451
0.452038	-1.34472
0.438479	-0.938584
0.630771	-0.763938
1.00862	-1.12972
0.830089	-0.927757
0.91866	-1.09002
0.925087	-1.13423
0.511547	-0.617102
0.373586	-0.272627
0.628707	-0.104113
0.524749	-0.037952
0.38917	0.00472727
0.370551	-0.347079
1.09274	-0.877727
1.0311	-0.695508
0.889894	-0.456651
0.917711	-0.425582
0.986089	-0.477518
1.00057	-0.52596
1.07586	-0.65716
1.36219	-0.998435
1.7811	-1.54962
1.42557	-1.1721
1.32785	-1.096
1.47169	-1.27407
1.45072	-1.24333
1.45958	-1.23834
1.33174	-1.12569
1.51982	-1.40622
1.70295	-1.5224
1.8472	-1.6423
1.02866	-0.995024
0.613435	-0.47481
0.427977	-0.0770801
0.485383	0.131659
0.220125	0.571854
0.412086	0.498127
0.659656	0.295602
1.01527	0.00555956
1.25792	-0.513856
1.38899	-0.606538
1.42804	-0.747469
1.3918	-0.609543
1.53551	-0.679831
1.68992	-0.889782
1.2197	-0.287097
1.56882	-0.829439
1.37615	-0.66421
0.949748	-0.348323
0.878374	-0.0463713
1.06541	-0.195267
0.770287	-0.175172
0.913877	-0.246567
0.980648	-0.13556
0.807386	-0.126893
0.825138	-0.233663
0.731736	-0.031333
0.953059	-0.321623
1.50591	-0.58692
1.20281	-0.570296
0.803625	-0.156724
1.13016	-0.913149
1.07803	-0.700295
1.09999	-0.682035
1.15841	-0.77954
1.1228	-0.866749
1.0688	-1.05724
0.907662	-1.09614
0.674703	-1.02029
0.49908	-1.06366
0.437652	-1.08837
0.324347	-1.08423
0.255482	-1.00044
0.219983	-1.03618
0.263528	-0.982069
0.382434	-0.991099
0.52776	-1.07495
0.775968	-1.32647
0.99977	-1.48096
1.17224	-1.5633
1.39432	-1.66884
1.58944	-1.70465
1.59652	-1.45471
1.54709	-1.17884
1.28991	-0.706621
1.41335	-0.744637
1.42258	-0.665018
1.45158	-0.637687
1.6044	-0.799853
1.76205	-1.0296
1.73029	-0.969493
1.84787	-1.12039
1.84308	-1.10034
1.62115	-0.785383
1.44941	-0.609152
1.27006	-0.583513
1.50313	-0.832076
1.74337	-1.20283
1.52062	-1.07463
1.87504	-1.64052
2.52988	-2.6517
2.13156	-2.16787
2.08365	-2.03203
1.95463	-2.04555
2.03653	-2.10633
1.73424	-1.86038
1.28656	-1.40489
1.27216	-1.48509
1.28276	-1.52807
1.25218	-1.57082
1.70988	-2.07785
0.554691	-0.0784868
0.552156	-0.286995
0.786481	-0.598951
1.38078	-1.43419
1.93216	-2.29015
1.82987	-2.13569
1.2448	-1.2393
1.40831	-1.56725
1.2861	-1.32645
1.1301	-0.981619
1.10799	-0.848743
1.10541	-0.753797
1.15643	-0.703941
1.30011	-0.75968
1.22902	-0.695821
1.44213	-0.879727
1.33109	-0.61769
1.60805	-1.25443
1.62512	-1.51133
1.30659	-1.27133
1.19657	-1.03299
1.14176	-0.921874
0.991566	-0.26827
0.923555	-0.74066
0.982202	-0.514547
1.15725	-0.102492
1.09151	-0.654989
2.17562	-2.23526
3.2238	-3.50869
3.59488	-4.15467
3.05297	-3.49861
2.59175	-2.88908
2.22918	-2.59009
1.92775	-1.78977
2.00739	-1.81077
1.85746	-1.46365
2.13889	-1.98107
2.0741	-1.66859
2.47813	-2.43444
1.96995	-1.84173
1.81546	-1.91069
1.74755	-2.08904
2.17344	-2.54943
1.73469	-1.90299
1.49343	-1.48559
0.9766	-0.684815
1.08257	-0.522634
1.18468	-0.373193
1.51923	-0.619174
1.6577	-0.885802
1.83973	-1.16683
1.80544	-1.15199
1.93804	-1.46997
2.03764	-1.72981
1.99166	-1.78367
2.12979	-2.08757
2.07088	-1.97757
2.84399	-3.29956
2.27409	-2.06759
2.9173	-3.04136
2.66356	-2.42913
2.67648	-2.66257
2.62852	-2.60671
2.48195	-2.47741
2.68325	-2.98252
2.01084	-1.90285
2.1512	-2.18855
2.08302	-2.1177
1.93649	-1.75336
2.01883	-1.94397
2.03081	-1.93714
1.99588	-1.92245
1.8081	-1.63148
1.43961	-1.15618
1.57032	-1.25792
1.17237	-0.749832
1.38147	-1.1143
1.37855	-1.16449
1.2325	-0.99274
1.41811	-1.34499
1.14403	-1.00552
0.960044	-0.579537
0.721786	-0.327172
0.55559	-0.22709
0.684857	-0.0157705
0.952067	-0.314787
1.15337	-0.578649
1.34447	-0.877826
1.39999	-0.977831
1.61233	-1.35085
2.43281	-2.5977
2.02227	-2.23818
1.75741	-1.26618
1.26639	-0.829171
2.21884	-2.22308
2.62343	-3.15855
1.52537	-1.5373
1.67545	-1.85322
2.25863	-2.6135
2.05481	-2.31945
1.6851	-1.77285
1.55132	-1.66805
1.43892	-1.51637
1.25588	-1.26858
1.27554	-1.29077
1.38595	-1.35062
1.58653	-1.56005
1.57259	-1.18888
1.2625	-0.715103
1.05887	-0.539864
0.993103	-0.394376
0.936648	-0.160303
0.4457	0.262241
0.167867	0.289007
0.328651	-0.21469
0.568893	-0.236734
0.82642	-0.783495
0.800012	-0.990117
0.629476	-1.15174
0.624732	-1.35586
0.776393	-1.56171
0.632821	-1.26543
0.552734	-1.28751
0.564248	-1.32092
0.814313	-1.51016
1.02581	-1.51953
1.20892	-1.45267
0.987033	-0.822461
1.22703	-1.15548
1.14732	-0.765525
1.12416	-0.686781
0.936718	-0.349358
0.807084	-0.354181
1.09942	-0.766944
1.09767	-0.72135
1.12398	-0.719409
1.20809	-0.786527
1.24022	-0.759069
1.24658	-0.68657
1.62835	-1.15247
1.93772	-1.64072
1.83357	-1.44466
1.97217	-1.63777
1.89898	-1.49571
1.94763	-1.45924
1.99056	-1.47969
2.10477	-1.63849
2.15721	-1.85264
2.05144	-1.65122
2.05222	-1.6742
2.39791	-2.17538
1.19916	-0.731818
1.55834	-1.31874
1.27678	-0.740566
1.15361	-0.475265
1.18757	-0.64544
1.28996	-0.779876
1.04727	-0.439159
0.998897	-0.255834
0.985628	-0.361875
0.839804	-0.300122
0.718571	-0.275256
0.848121	-0.50883
0.973888	-0.447669
0.819599	-0.0692827
0.9499	-0.19103
0.969917	-0.441649
0.822575	-0.104827
0.988936	-0.361356
1.02828	-0.406913
0.84917	-0.319448
0.301026	0.80507
0.559233	0.440082
1.2015	-0.346614
0.70579	-0.165166
1.38308	-0.870918
1.5845	-0.957108
1.74364	-1.16962
1.74453	-1.00838
1.7398	-0.945837
2.05253	-1.48942
2.00064	-1.46938
1.99455	-1.44974
2.30523	-2.04524
2.34199	-2.35639
1.83482	-1.7429
1.84959	-1.61007
1.73041	-1.39545
1.10562	-0.792832
0.853907	-0.092143
0.91952	-0.0834956
1.11158	-0.342891
1.1345	-0.505892
1.03785	-0.424567
1.00167	-0.429832
1.15909	-0.658944
1.1935	-0.667356
0.0778228	0.264876
0.137921	-0.0588817
-0.150468	-0.0876284
-0.0650298	-0.0811422
0.203955	-0.1059
0.155505	0.125022
0.106327	0.286896
0.477196	0.0176892
0.711232	-0.124496
0.913886	-0.293511
1.05941	-0.438933
1.2741	-0.693921
1.5513	-1.05471
1.47825	-0.756324
1.10706	-0.589083
0.108613	-0.073915
0.180486	0.244559
0.262557	0.490479
0.540119	0.688746
0.5774	0.667904
0.490743	0.670606
0.481486	0.408561
0.350095	-0.0948796
0.42891	-0.333833
0.507975	-0.142611
0.369842	0.0352848
0.538095	0.0326874
0.367947	0.0432501
0.38385	0.161084
0.446041	0.220388
0.818065	-0.113524
0.523228	-0.374621
1.69997	-1.39027
1.53278	-1.19272
1.55351	-1.24379
1.55387	-1.19062
1.70155	-1.36266
1.71326	-1.35603
1.66325	-1.26995
1.89014	-1.63312
1.90324	-1.67473
2.23128	-2.26537
2.21607	-2.32197
2.61382	-3.01829
2.67143	-3.13746
1.92	-2.01862
1.46054	-1.05217
1.59928	-1.09835
2.3862	-2.1632
1.77621	-1.59429
1.15683	-0.934566
1.55428	-1.34438
1.30431	-1.08418
1.42152	-1.1027
1.55641	-1.1401
1.45967	-0.95665
1.27619	-0.776225
1.34546	-0.864991
1.20371	-0.71531
0.803084	0.260391
0.891792	0.200917
1.28161	-0.821021
1.5758	-1.08966
1.46958	-0.964453
1.40576	-0.979601
1.31818	-0.892631
1.41137	-1.0169
1.34984	-0.889888
1.29094	-0.863367
1.39716	-0.995066
1.42562	-1.01144
2.0461	-1.77854
2.21738	-1.96051
2.64728	-2.36868
2.84322	-2.68969
2.6661	-2.57297
1.95821	-1.41409
1.35102	-1.09311
1.34204	-0.935632
1.18003	-0.675035
1.32236	-0.870655
1.29803	-0.770546
1.08459	-0.525102
0.899726	-0.468587
0.8671	-0.340265
0.90182	-0.466341
0.956039	-0.214304
1.07938	-0.362248
0.851047	-0.154274
0.912791	-0.193107
1.072	-0.443025
1.19427	-0.530739
1.05098	-0.316432
0.987393	-0.175683
0.918719	-0.14764
1.67189	-1.07825
1.8792	-1.28004
1.28775	-0.564092
1.28336	-0.770033
1.39054	-0.91908
1.91317	-1.40709
1.6684	-1.18801
1.35053	-0.917713
1.91946	-1.22888
1.99476	-1.10933
1.90629	-1.18041
1.48155	-0.914313
1.2191	-0.704353
1.47994	-1.07133
1.37156	-0.928554
1.24068	-0.720806
0.46099	-0.00695019
0.299947	-0.0106113
0.657051	0.308598
0.46379	-0.115948
0.493286	-0.568815
1.068	-1.15885
1.28001	-0.762511
1.34638	-0.893115
1.57072	-1.62857
1.75266	-1.67085
1.85399	-1.71551
1.82155	-1.56029
1.66611	-1.23637
1.65203	-1.15915
1.7988	-1.30655
1.87414	-1.36236
1.78531	-1.30593
2.17779	-1.77946
2.36031	-2.0145
2.34588	-1.91933
1.82219	-1.14823
1.62622	-1.08994
1.88668	-1.52982
1.51825	-1.00129
1.36524	-0.957797
1.44729	-1.07113
1.41605	-1.00819
1.52803	-1.1689
1.71386	-1.38164
2.00927	-1.60133
1.22114	-0.803447
0.752775	-0.456592
0.916088	-0.317541
0.957873	-0.182605
0.940771	-0.0512877
0.69368	0.367675
0.818478	0.114401
0.883089	0.0599659
0.793074	0.094571
0.707057	-0.126398
0.960965	-0.0601964
1.30227	-0.558138
0.944015	-0.700858
2.5036	-2.84161
2.87521	-3.36056
2.81323	-3.42203
2.40381	-2.75456
2.02857	-1.95586
1.77446	-1.53316
1.54937	-1.15319
1.2873	-0.870653
1.3774	-1.09214
1.33041	-1.05555
1.29899	-1.03417
1.41669	-1.13986
1.6435	-1.46458
1.67789	-1.63185
1.33201	-1.31603
1.50244	-1.44799
1.39513	-0.92065
1.12259	-0.751826
1.24393	-1.06429
1.10059	-0.888794
1.24348	-1.06616
1.36312	-1.26106
1.35718	-1.09978
1.52285	-1.21826
1.62247	-1.21671
1.29146	-0.978804
1.74425	-1.40797
1.655	-1.24318
1.79084	-1.46825
1.81313	-1.23664
2.05285	-1.72025
2.12437	-1.83427
2.14302	-1.67685
1.97322	-1.49707
1.65959	-1.0325
1.94403	-1.68183
2.50406	-2.62155
2.57229	-2.72232
1.18593	-1.06994
2.32223	-2.68538
1.58714	-1.55563
1.20186	-1.00486
1.641	-1.41724
1.01192	-0.549459
0.967465	-0.446658
0.491516	-0.411263
0.161155	-0.103312
-0.000428264	0.135701
0.553675	0.871467
0.468269	0.836672
0.712822	0.821788
0.511963	0.743835
0.238926	0.520347
0.283231	0.688818
0.552503	0.912598
0.522782	0.910417
0.577389	0.820225
0.577909	0.660504
0.274551	0.575563
0.313197	0.376295
0.659735	-0.157682
1.14588	-1.09972
0.943919	-0.844429
0.948571	-0.795353
1.01177	-0.845998
1.13693	-1.08618
1.22638	-1.20696
1.21712	-1.10473
1.11926	-0.921271
1.4928	-1.4986
1.48134	-1.31334
1.46431	-1.15798
1.42239	-1.02941
1.55899	-1.016
1.45951	-0.816094
1.31921	-0.589447
0.774388	-0.053768
0.937487	-0.0460742
0.674685	-0.0062761
0.276168	-0.00145964
0.2111	0.0290534
0.380983	-0.0350517
0.599837	0.00469422
0.785124	0.0415839
0.912603	0.0960523
1.1908	0.104442
0.996014	-0.00910027
1.06758	-0.0345037
1.12044	-0.202511
1.01004	-0.355268
1.07199	-0.454042
1.01756	-0.380142
0.987683	0.0715263
0.794176	0.0136477
1.19342	-0.401654
1.16596	-0.539253
1.16533	-0.466633
1.14079	-0.465001
1.03946	-0.440111
1.15317	-0.636745
0.972714	-0.495155
1.22356	-0.685522
1.01064	-0.518913
1.37107	-0.941747
1.01642	-0.557166
1.15589	-0.513984
0.950422	-0.479623
0.98624	-0.331085
0.759446	-0.434735
0.951165	-0.42525
1.19174	-0.637678
0.964117	-0.204335
1.03934	-0.456163
0.793678	-0.528624
0.508567	-0.379489
2.8567	-2.60709
2.39483	-2.23546
2.44675	-2.52902
2.80042	-3.21834
3.13813	-3.47744
3.48049	-3.79251
2.81973	-2.60158
2.88578	-3.10949
3.61595	-4.71469
3.02173	-3.54576
2.5236	-2.65986
2.21164	-2.04359
2.08409	-1.6915
1.4436	-0.845424
1.56231	-0.98497
1.55763	-1.03716
1.46249	-0.983082
1.36925	-0.938049
1.45362	-0.984659
1.07456	-0.381263
1.36882	-0.806577
1.21691	-0.819092
0.741274	-0.297135
0.974898	-0.56746
1.29434	-0.96263
1.48952	-1.18652
1.56144	-1.22023
1.37475	-0.930904
1.06785	-0.467889
0.895286	-0.357326
1.58926	-1.12745
2.60042	-2.54103
2.91645	-2.9434
2.2733	-2.16612
2.38264	-2.52101
2.66903	-2.89331
2.28123	-2.32713
2.24789	-2.51257
1.83056	-2.53748
0.839274	-1.22267
0.432939	-0.852592
0.403061	-0.817667
0.426168	-0.835624
0.409329	-0.847513
0.417717	-0.870827
0.426575	-0.802105
0.461472	-0.761683
0.48447	-0.694722
0.586767	-0.761843
0.685869	-0.839619
0.861422	-0.927692
1.03519	-1.14962
1.38596	-1.3344
1.04337	-0.789645
0.0795141	-0.228914
-0.0523924	0.00468731
0.383118	0.0116201
0.354998	0.109567
0.470761	0.204261
0.558399	0.25543
0.658762	0.455102
0.655714	0.463535
0.650063	0.486834
0.240082	0.266447
0.478268	-0.323984
0.837617	-0.479153
0.875096	-0.497627
0.698258	-0.292412
0.840857	-0.393369
0.756639	-0.271096
0.568344	-0.131726
0.831	-0.184276
1.18813	-0.263475
1.17561	-0.601517
1.52396	-0.89218
1.14035	-0.443676
1.15755	-0.600975
1.37451	-0.883864
1.54633	-1.08813
1.87653	-1.61921
1.97791	-1.68679
1.9566	-1.91578
2.39037	-2.46408
2.14886	-2.16131
1.53921	-1.41368
1.33151	-1.15151
1.35	-1.36412
1.32518	-1.16711
1.01419	-0.919779
0.924322	-0.749863
1.06566	-0.623245
0.969632	-0.591397
1.06924	-0.457088
1.53595	-0.113668
1.26868	0.0982525
1.10563	-0.535935
1.52111	-1.14393
1.51093	-1.05446
1.67236	-1.21535
1.74222	-1.323
1.61656	-1.00867
1.66945	-1.05578
2.1742	-1.73879
2.14226	-1.73807
1.96552	-1.51753
1.9807	-1.72346
1.74071	-1.60154
1.69107	-1.55123
1.42061	-1.02847
1.43593	-1.03271
1.42408	-1.00308
1.47639	-1.069
1.46632	-0.97543
1.75917	-1.3104
2.00375	-1.62066
2.05494	-1.69208
2.43345	-2.09165
2.39444	-2.10777
2.3851	-1.91374
2.35232	-2.1323
2.41781	-2.29537
2.49513	-2.30857
2.56093	-2.40598
2.38693	-2.02103
2.312	-2.1093
2.11746	-1.79668
2.11917	-1.80876
2.20982	-2.01955
2.16527	-1.96689
2.13551	-2.11841
2.34967	-2.5427
1.97629	-2.04924
1.61808	-1.59562
1.69179	-1.80214
2.39527	-2.50641
1.71405	-1.81118
2.18091	-2.38204
2.07114	-2.15026
1.91699	-1.89866
1.77375	-1.79966
1.59546	-1.44369
1.63069	-1.3728
1.89627	-1.76633
1.85769	-1.62357
1.65768	-1.38395
1.95387	-1.8081
2.15739	-2.1216
2.1193	-2.08231
2.03491	-1.88033
2.22738	-1.96193
2.17329	-1.85271
1.57228	-1.01203
1.67168	-1.15985
1.5878	-1.1765
1.56383	-1.13823
1.01282	-0.818952
0.438632	-0.634981
0.436496	-0.786322
0.327802	-0.712336
0.374938	-0.838804
0.370629	-0.639005
0.582423	-0.715545
0.800439	-0.744303
0.825971	-0.575239
0.72713	-0.668861
0.385349	-0.512022
0.148462	-0.29348
0.0545697	-0.0892776
0.320256	-0.170156
0.44611	-0.267829
0.959956	-0.639632
0.872161	-0.507782
0.765366	-0.351687
0.805499	-0.533051
0.557765	-0.335841
0.410916	-0.218141
0.443566	-0.357962
1.21691	-1.17169
1.24538	-1.28605
1.54969	-1.803
1.73916	-2.40506
1.68036	-2.52523
1.45448	-2.21107
1.50334	-2.3962
1.34994	-2.15748
1.33317	-2.04403
1.21156	-1.89299
0.965033	-1.54393
0.782985	-1.0101
0.709521	-0.912069
0.526353	-0.84538
0.537859	-0.740028
0.691543	-0.758159
0.992211	-0.918638
1.12254	-0.945502
1.50765	-1.30765
1.68579	-1.49251
1.60156	-1.22802
1.59151	-1.14227
1.56075	-0.990852
1.87125	-1.30494
1.59685	-1.14989
1.73044	-1.2004
1.91186	-1.45167
2.01522	-1.64952
1.51157	-1.01195
1.48144	-0.957902
1.47334	-1.02999
1.31062	-0.857716
1.31464	-0.683561
1.14168	-0.671206
1.1964	-0.763873
1.17277	-0.414438
1.07196	-0.323758
1.00166	-0.478991
1.3401	-0.860365
0.714176	-0.321257
0.767436	-0.298121
0.645959	-0.097817
1.04072	-0.340414
0.982654	-0.357471
0.892018	-0.321347
0.93349	-0.391824
0.902385	-0.396158
0.500929	-0.286183
0.360245	-0.369507
0.686243	-0.165859
0.939932	-0.482951
0.818793	-0.380218
0.790665	-0.426266
0.983836	-0.462618
1.22541	-0.566831
1.01216	-0.303855
1.01555	-0.423514
1.09009	-0.594843
0.938982	-0.510722
0.938455	-0.531716
1.04477	-0.723379
0.575274	-0.415411
0.926704	-0.585387
1.03861	-0.567622
1.67238	-1.24673
1.5815	-1.39062
1.37912	-1.04602
1.18431	-0.834788
1.24157	-0.89961
1.7152	-1.69581
1.5301	-1.09168
1.49218	-1.16427
1.316	-1.04951
1.41543	-1.13254
1.16313	-0.677177
0.725386	-0.416205
1.0345	-0.523863
0.632901	-0.563458
0.986924	-1.00236
1.82482	-1.42732
1.93092	-1.42026
1.5967	-0.940025
2.05533	-1.70566
1.82184	-1.3142
1.82439	-1.29595
2.04173	-1.71657
2.17996	-2.03485
2.28641	-2.37618
2.64159	-3.08533
1.28238	-1.07277
0.763168	-0.401424
1.9635	-1.41844
1.53794	-0.917938
1.90098	-1.60945
1.89478	-1.71542
1.25116	-0.689798
1.43783	-1.0006
0.736742	-0.0739937
0.983601	-0.73931
0.60318	-0.959213
0.644827	-1.08438
0.576951	-1.22857
0.477304	-1.17931
0.675464	-1.17399
1.25414	-1.15404
1.25203	-0.891908
1.69079	-1.38279
2.03018	-1.74997
2.45327	-2.05724
1.86198	-1.70872
0.670775	-0.642129
0.501291	-0.267806
0.862318	-0.171536
1.15063	-0.289333
0.713784	0.180654
0.977995	0.0440262
0.83182	0.0683837
0.946094	0.366601
1.11954	-0.0788959
1.0968	-0.552979
2.58683	-2.40027
2.76493	-2.38443
1.76501	-1.24863
1.77265	-1.42856
1.49871	-1.20223
1.55768	-1.43791
1.7287	-1.76473
2.16973	-2.23608
1.13567	-1.35789
0.794965	-0.898094
0.472	-0.860154
0.441914	-1.04997
0.482805	-1.13804
0.452779	-1.04337
0.623941	-1.19576
0.807623	-1.1286
1.08592	-1.27231
1.24091	-1.20378
1.1774	-0.946645
1.07795	-0.743529
1.18513	-0.628525
1.38595	-0.697613
1.60866	-0.975877
1.8268	-1.28146
2.11921	-1.7734
2.35234	-2.13809
2.71671	-2.7335
2.70558	-2.62113
3.07454	-3.09564
3.04117	-2.73958
2.35641	-1.82269
2.18127	-2.38645
1.4346	-1.48965
1.76639	-1.63906
1.90604	-1.63114
1.36257	-0.960317
1.46304	-0.94522
1.08845	-0.431294
1.05885	-0.720891
0.802616	-0.465381
0.872217	-0.449
1.12431	-0.685946
1.00157	-0.435255
0.903103	-0.189785
0.881604	-0.102176
0.737374	-0.0119123
0.767192	0.126436
0.80193	0.158497
0.599571	0.115957
0.623759	0.0501354
0.663475	-0.077388
0.424926	0.0411931
0.387369	0.0975228
0.497369	0.0742988
0.611763	0.117949
0.889105	-0.118322
0.953087	-0.180096
1.17455	-0.487012
1.63293	-1.17727
1.51907	-1.12265
2.1109	-1.91286
1.29291	-0.873203
1.21437	-0.992239
1.38025	-1.20641
1.16638	-0.98429
1.24445	-1.51142
0.840197	-1.45049
0.515957	-1.34034
0.463228	-1.28698
0.379233	-1.14038
0.36329	-1.23054
0.655311	-1.36673
0.824166	-1.30292
0.993605	-0.905822
1.08026	-0.382517
1.29776	-0.0848062
1.13238	0.216045
1.04461	0.3394
1.23761	0.587922
1.18803	0.201693
1.21525	0.624701
1.16855	0.329701
1.37057	0.504774
1.18118	0.330847
0.987294	-0.313347
0.615358	-1.1622
0.478989	-1.34306
0.436915	-1.32202
0.315935	-1.20155
0.325702	-1.21422
0.334957	-1.24169
0.347874	-1.14641
0.593375	-1.30351
0.7162	-1.26898
0.635329	-1.1401
0.518263	-0.365299
0.699885	0.22378
0.751443	0.361073
0.691296	0.160361
0.931639	0.402852
0.97607	0.446501
1.19307	0.712525
0.945057	0.735521
0.716438	0.424447
0.834527	0.585148
1.11006	0.777615
1.02599	0.502179
0.990137	0.354176
1.09734	0.218946
0.840331	-0.357418
0.768526	-1.20532
1.02776	-1.47544
0.386984	-0.959164
0.383692	-0.976038
0.511992	-1.13042
0.558224	-1.24064
0.447412	-1.25468
0.506325	-1.27301
0.548255	-1.34776
0.554875	-1.35784
0.466664	-1.1677
0.520705	-1.10909
0.489951	-0.880085
0.563388	-0.614274
1.05416	-0.516384
0.712712	-0.140333
0.762002	-0.200193
0.993872	-0.356528
1.18232	-0.612728
0.837184	-0.259998
0.756781	-0.146937
0.812759	-0.298549
0.826119	-0.261771
1.10592	-0.346301
1.17905	-0.490618
1.2956	-0.806356
1.06623	-0.733229
0.756882	-0.420585
0.502877	-0.492578
0.536239	-0.575897
0.6281	-0.64844
0.792806	-0.900393
0.87939	-1.03138
1.14064	-1.27906
1.15586	-1.42278
1.45349	-1.7467
1.5775	-1.96866
1.26567	-1.67168
0.991519	-1.35525
0.806938	-1.0418
0.938323	-0.919248
0.920185	-0.43094
0.997005	-0.522639
0.695091	-0.453691
0.825149	-0.519407
1.02269	-0.556996
0.658253	-0.26911
0.926074	-0.0417287
1.00536	-0.340128
2.15029	-1.72792
3.0886	-3.06819
2.92075	-2.98315
3.01504	-3.39999
2.54331	-2.83377
2.09986	-2.37855
1.5987	-1.75669
1.11908	-1.03748
1.04632	-1.05702
0.794727	-0.526647
0.799119	-0.0859063
0.762951	0.0947863
0.662135	0.439004
0.680994	0.310357
0.527575	0.204194
0.896146	-0.113343
1.32565	-0.92941
2.15664	-1.79599
1.64968	-1.16494
1.52022	-1.06866
1.30835	-0.87132
1.61588	-1.25896
2.41147	-2.2622
0.965712	-0.43503
-0.223937	0.167763
-0.246937	0.0142952
-0.0400118	0.193781
0.0331894	0.420576
0.421243	0.592388
0.546462	0.581966
0.48943	0.701455
0.443955	0.499165
0.681129	0.832504
0.708286	0.66328
0.329615	0.463796
0.325788	0.340558
0.288315	-0.00824819
0.719794	-0.378829
0.698087	-0.397508
0.954552	-0.679044
1.13769	-0.826724
1.29021	-0.948619
1.47862	-1.14575
1.11701	-0.815119
1.08072	-0.78557
0.79661	-0.440404
0.773843	-0.3857
0.708172	-0.255346
0.643512	-0.128948
0.533129	0.0582071
0.517213	0.0344848
0.546315	-0.00613793
0.708616	-0.202619
0.74911	-0.160199
0.846085	-0.288166
0.856655	-0.39263
0.978958	-0.605271
0.733279	-0.297255
1.19913	-0.797676
0.706582	-0.589723
0.417436	-0.120748
0.578607	0.0543829
0.664873	-0.191899
0.746582	-0.298985
0.825675	0.117807
1.06844	0.0775368
1.01464	-0.154352
1.46667	-0.114431
1.28715	0.0963699
0.938563	-0.177137
1.01183	-1.06473
0.910455	-0.760431
0.989277	-0.93522
0.941995	-0.973074
1.07007	-1.2051
0.978836	-1.19414
1.25917	-1.7068
1.49662	-2.02852
1.82937	-2.53925
1.55244	-1.99553
1.69902	-2.20174
1.77551	-2.17744
1.63412	-1.99638
1.44727	-1.62786
1.48692	-1.68186
1.38052	-1.52329
1.01187	-1.05178
0.775171	-0.964369
0.596968	-0.953378
0.505483	-0.84397
0.529947	-0.819838
0.479842	-0.834602
0.793044	-1.1285
0.786871	-1.01225
0.74098	-0.857298
1.0178	-1.21925
1.16259	-1.36514
0.928245	-1.21718
1.16357	-1.48414
1.0666	-1.42449
1.04724	-1.34798
1.02719	-1.31418
1.13152	-1.46755
1.3271	-1.73204
0.785234	-1.00224
0.500203	-0.727166
0.4515	-0.641151
0.591228	-0.44296
0.769357	0.123407
0.999463	-0.143828
0.675252	-0.080572
0.35308	-0.760909
0.357071	-0.749895
0.478676	-0.968409
0.389294	-0.885638
0.359744	-0.828903
0.432673	-0.925738
0.397646	-0.832565
0.398502	-0.779554
0.549754	-0.846746
0.587529	-0.782002
0.643558	-0.774054
0.687115	-0.693579
0.802211	-0.708124
0.896674	-0.716679
0.961137	-0.688153
1.08206	-0.763897
1.28797	-1.06885
1.50337	-1.29373
1.73206	-1.48733
2.06695	-1.92327
1.86484	-1.51038
1.73688	-1.3368
2.05342	-1.66042
1.88327	-1.71351
1.94023	-1.76186
1.72356	-1.61141
1.32185	-1.03223
1.4	-0.83975
1.4926	-1.20024
1.03969	-0.554175
0.669022	-0.722617
0.864558	-1.04834
0.581005	-0.858028
0.461264	-0.828147
0.720171	-1.14968
0.796387	-1.36885
0.519634	-1.09217
0.379266	-1.01
0.11277	-0.831131
0.0156435	-0.766956
0.116275	-0.758066
0.219502	-0.771628
0.0541586	-0.565675
-0.104619	-0.493518
0.0666909	-0.477962
0.749379	-0.630407
0.919446	-0.55231
1.01118	-0.555293
0.866136	-0.634996
1.16645	-0.667537
0.890947	-0.440838
0.730391	0.0864607
1.07476	-0.301717
1.25816	-0.894979
1.8554	-2.02735
1.50618	-1.59071
1.92351	-2.05826
1.92541	-1.86527
1.86793	-1.64226
1.84367	-1.56093
1.71635	-1.27422
1.66296	-1.17419
1.59418	-1.26116
1.60085	-1.49965
1.73508	-1.69418
1.97879	-2.18405
2.04286	-2.38459
2.08768	-2.36059
2.01369	-2.17344
2.17195	-2.20567
2.24773	-2.20775
1.77966	-1.49725
1.9072	-1.6884
2.12247	-2.01819
2.10688	-2.09287
2.09644	-2.01265
2.05738	-1.9045
2.03779	-1.88107
2.05119	-1.81393
2.19386	-1.69982
1.93073	-1.66803
1.56053	-1.37949
1.81319	-1.55992
1.67437	-1.29745
1.0244	-0.492467
0.966456	-0.47462
0.902974	-0.390957
1.05098	-0.46179
1.22409	-0.582144
1.04621	-0.374687
0.946887	-0.228826
0.955994	-0.357712
1.09393	-0.547961
1.1786	-0.6551
0.98661	-0.415953
1.24138	-1.11109
1.43836	-1.07867
1.95095	-1.6877
1.61794	-1.3541
1.54191	-1.08638
1.59376	-1.07226
1.67971	-1.21596
1.55825	-1.02844
1.61716	-1.26761
1.54006	-1.31764
1.75096	-1.6779
1.82675	-1.96595
1.94389	-2.10734
2.23153	-2.53498
3.29474	-4.15757
3.06184	-3.41331
2.5017	-2.33124
2.58561	-2.73876
2.77324	-3.28929
2.11977	-2.28686
1.6189	-1.474
1.30343	-1.04241
1.09984	-0.798922
1.06163	-0.692711
1.25856	-0.862674
1.29522	-0.888326
1.25076	-0.778049
1.14601	-0.762393
1.15532	-0.830819
0.996046	-0.609476
0.926413	-0.59574
0.855309	-0.515031
0.825703	-0.504273
0.798649	-0.557533
0.762793	-0.617367
0.766116	-0.684032
0.731689	-0.776811
0.779888	-0.917945
1.22914	-1.62946
1.31267	-1.80127
1.21035	-1.68299
1.07208	-1.36652
0.569419	-0.896756
0.258451	-0.865204
0.107893	-0.882279
-0.0459635	-0.865258
0.0564756	-0.850468
0.183991	-1.02154
0.42129	-1.06045
0.507436	-1.05159
0.650036	-1.09129
0.822489	-1.10875
0.90166	-1.01532
0.9898	-0.934167
1.22358	-1.06908
1.25536	-0.936732
1.46893	-1.15374
1.8453	-1.74316
2.26361	-2.34161
2.13873	-2.10703
1.01665	-0.948248
1.78726	-1.65222
2.51482	-2.74556
1.7547	-1.70325
1.45988	-1.3609
2.99075	-3.57485
3.12	-3.83912
2.67624	-3.06165
2.43321	-2.6819
2.21495	-2.28878
2.22655	-2.30955
2.08721	-2.0859
1.90908	-1.73966
1.93444	-1.76239
2.21621	-2.19035
2.39673	-2.47775
2.64503	-2.7131
3.0601	-3.24594
2.66245	-2.53227
2.65874	-2.60692
2.45614	-2.28975
3.27112	-3.23922
2.19294	-1.89137
2.30821	-2.34041
3.15145	-3.7613
3.06872	-3.85378
2.38917	-2.83091
1.53492	-1.69112
1.00145	-1.23287
0.561403	-1.00808
0.395583	-0.921816
0.636583	-0.91076
1.20399	-0.807674
1.9038	-1.48037
2.32217	-2.03414
2.45048	-2.24155
1.82157	-1.61801
0.835864	-0.801192
0.500338	-0.298752
0.674166	-0.158724
0.822856	-0.224392
0.772798	-0.00542406
0.868818	0.359174
0.848558	0.32539
0.841517	0.142383
0.954798	0.025089
0.847116	-0.101694
1.16203	-0.728931
1.99838	-1.94838
2.0029	-2.26971
2.84221	-3.2191
3.24109	-3.22782
2.5366	-2.04764
2.46322	-2.01073
2.98401	-2.72336
2.66476	-2.56786
2.38388	-2.32723
2.15164	-2.05359
1.91654	-1.74261
2.03759	-1.91442
1.82958	-1.69118
1.95992	-1.72292
1.55771	-1.34565
1.53445	-1.14045
1.25632	-0.778116
1.12974	-0.705775
1.24667	-0.858523
1.02476	-0.595403
1.04998	-0.703916
0.708526	-0.504547
-0.0294519	0.0898224
0.0373654	0.215183
0.330604	0.64534
0.544726	0.681544
0.465873	0.386428
0.420984	0.449711
0.705125	0.7099
0.748041	0.456775
0.996892	0.820434
1.21503	0.910794
1.48614	1.00838
1.35638	0.708636
1.09381	0.311307
0.873223	0.325275
0.661618	0.310682
0.318179	-0.0708511
0.233103	-0.543844
0.464067	-0.546409
0.556814	-0.458144
0.604733	-0.292514
0.796875	-0.368797
0.906802	-0.345397
1.15141	-0.658107
1.0957	-0.596098
1.04481	-0.52449
1.02119	-0.511166
1.02149	-0.589407
1.14796	-0.709322
2.03964	-1.53281
1.76926	-1.48247
1.08709	-1.02325
0.575484	-0.415032
0.186325	-0.0882813
0.395381	0.307798
0.639275	0.534022
0.704697	0.733381
0.474075	0.732828
0.240767	0.438134
0.508843	0.585593
0.561202	0.77137
0.536028	0.223924
0.68058	-0.499508
1.4712	-1.20925
1.59313	-1.50481
1.46686	-1.33968
1.53513	-1.4067
1.54018	-1.32088
1.90052	-1.73519
1.76993	-1.4661
1.91668	-1.71581
2.06757	-1.90181
2.63906	-2.70976
2.7592	-2.54203
3.0744	-3.10494
2.41298	-2.48112
1.69848	-1.62998
1.13214	-0.851388
0.773547	-0.2578
0.809355	-0.189023
0.839059	-0.193978
0.786216	-0.0837142
0.577315	0.0113695
0.476426	0.15495
0.293377	0.231933
0.0286584	0.287459
-0.246921	0.281724
-0.485438	0.156284
-0.463641	-0.0279178
-0.450732	-0.0458849
-0.463869	-0.416489
-0.0747081	-0.0857847
-0.0827498	0.0423157
0.145482	0.0827034
0.44695	0.118957
0.48287	0.323238
0.0837576	-0.0568552
0.68158	-0.861091
0.899284	-1.20141
0.71946	-0.980348
0.736248	-0.930689
0.886369	-1.1034
0.683153	-0.77567
0.599837	-0.781334
0.839529	-1.03567
1.08075	-1.12671
0.881172	-0.745186
0.875415	-0.575525
0.822043	-0.635994
0.835081	-0.460506
1.14943	-0.895025
0.522771	-0.0457191
0.536923	0.0141641
0.832953	-0.607739
0.714581	-0.469518
0.794193	-0.562399
0.810731	-0.555451
0.88248	-0.603908
0.99491	-0.690696
1.06448	-0.718563
1.19601	-0.81726
1.33478	-0.957801
1.35051	-0.912499
1.42551	-0.962548
1.61505	-1.20237
1.67459	-1.22376
1.78878	-1.3249
1.71873	-1.23007
1.959	-1.58647
2.08553	-1.83196
1.94271	-1.69198
1.75832	-1.49517
2.22133	-2.19948
1.47999	-0.839588
1.28469	-0.54116
0.743932	-0.370967
0.715441	-0.32569
0.5905	-0.0466086
0.348436	0.128131
0.119195	-0.0301511
0.306629	0.0216203
0.36169	0.300758
0.463523	0.251796
0.271147	0.325821
0.251805	0.475433
0.120954	0.435346
0.249542	0.620642
0.670639	0.60147
0.810149	0.704569
0.516909	0.575334
0.567561	0.183042
0.748921	0.0700757
0.473782	0.283683
0.764623	0.591427
0.731785	0.43009
0.708354	0.20794
0.671501	0.236462
0.750691	0.163494
0.364664	0.11549
0.685197	-0.68808
1.71724	-1.6687
1.37764	-1.13693
1.24625	-0.924262
1.22596	-0.854683
1.22154	-0.851177
1.19707	-0.862358
1.37661	-1.17856
1.28822	-1.08842
1.42777	-1.22256
1.70814	-1.55075
1.73596	-1.75119
1.57384	-1.60175
1.48773	-1.24441
1.36803	-1.29474
1.24002	-1.35525
0.399356	-0.273789
0.367707	-0.121557
0.379505	-0.102885
0.619616	-0.267527
0.839148	-0.564199
1.3179	-1.03107
1.46532	-1.16421
1.27899	-0.982061
1.0881	-0.782931
1.03895	-0.754224
0.49675	-0.148391
0.0265956	-0.086024
0.282133	-0.0916453
0.518467	0.287726
0.529403	0.477802
0.749042	0.33515
0.846731	0.121475
0.863606	0.0761468
0.931474	0.0645321
0.676911	-0.357965
0.585368	-1.07719
0.750049	-1.13491
0.561698	-0.922935
0.501645	-0.657791
0.630966	-0.576379
1.05774	-1.11334
1.24981	-1.27622
1.11315	-1.13342
0.928226	-0.823482
0.833653	-0.631345
0.955624	-0.724706
1.17337	-0.940261
1.19517	-0.776698
1.39707	-0.976266
1.49983	-1.10927
1.5585	-1.14814
1.2741	-0.90317
1.08218	-0.722242
0.866022	-0.410573
1.0634	-0.622768
1.31854	-0.812671
0.897368	-0.646744
1.26954	-1.01937
1.05444	-0.782896
1.08048	-0.713071
1.10787	-0.477449
1.21206	-0.597772
1.15302	-0.451723
1.04944	-0.320788
1.31501	-0.568827
1.24733	-0.578292
1.15545	-0.506689
1.22278	-0.622861
1.11136	-0.5415
0.955989	-0.397422
0.773077	-0.223752
0.570102	-0.0208549
0.581233	0.0611112
0.843092	-0.142375
1.37379	-0.722485
1.09355	-0.606269
0.854332	-0.31577
1.69301	-1.31479
1.7275	-1.26632
1.77317	-1.31742
1.81765	-1.35434
1.71459	-1.13567
1.61974	-1.15396
1.46667	-0.923927
2.16764	-1.94286
1.20863	-0.908082
0.30705	-0.0734465
0.405826	0.202501
0.421198	0.358964
0.524678	0.370654
0.496715	0.451334
0.656612	0.517797
0.656601	0.626637
0.819831	0.374428
0.465919	0.319767
0.563071	0.25079
0.757834	-0.379993
1.96953	-1.20864
2.57092	-2.4289
1.83897	-1.44575
1.52561	-1.02701
1.73192	-1.38165
1.79088	-1.66141
1.36208	-1.26898
1.66131	-1.66626
1.83402	-1.85335
2.36867	-2.46322
2.4069	-2.30436
2.20598	-2.14772
1.83168	-1.62734
1.82458	-1.56893
1.91925	-1.75602
2.07535	-1.73045
1.86454	-1.45695
1.65237	-1.15489
1.56068	-1.0447
1.26922	-0.744532
1.09698	-0.514703
1.0344	-0.472152
1.08408	-0.643009
0.957087	-0.580192
0.981316	-0.682688
1.03123	-0.934862
0.66201	-0.883054
0.362103	-0.708254
0.706394	-0.209097
0.762476	0.160268
0.894663	0.479477
0.784229	0.260323
1.01912	0.267459
1.1366	0.505565
1.0318	0.347614
1.06527	0.0739298
0.941748	0.211071
0.68289	0.0984362
0.4663	-0.312002
0.724643	-0.898331
1.22092	-0.746504
1.54912	-1.39678
1.18698	-1.09401
1.04099	-1.00884
1.66231	-1.40565
1.73164	-1.501
1.4913	-1.33376
1.62087	-1.47089
2.15327	-2.14934
1.27039	-1.15004
1.30115	-1.41564
1.1771	-0.988819
0.94693	-0.43473
0.861345	-0.47788
1.17438	-0.850949
0.956338	-0.469482
0.688762	-0.492211
0.81709	-0.352614
1.21358	-0.747235
0.885725	-0.346502
2.09532	-1.90773
1.64097	-1.35613
1.69747	-1.70575
2.06262	-2.35652
1.76896	-1.9423
1.72907	-1.77297
1.49988	-1.47729
1.42763	-1.32189
1.97634	-1.90121
2.41236	-2.17461
2.77358	-2.55047
2.92714	-3.03593
2.54698	-2.52628
1.97575	-1.78349
1.38546	-1.03578
1.02943	-0.577004
0.837234	-0.282794
0.676109	-0.0814363
0.632156	0.0734492
0.820771	0.00952405
1.18354	-0.562583
1.21592	-0.628792
1.03503	-0.433041
1.05959	-0.471593
1.15203	-0.36977
0.679953	0.461008
0.723164	0.115588
1.06606	-0.466176
1.40276	-0.940435
1.2996	-0.913891
1.36231	-1.10692
2.07534	-2.39983
1.73437	-1.7984
1.87389	-2.00011
1.6552	-1.8231
1.59074	-1.69696
1.4335	-1.40899
1.61434	-1.62527
1.32672	-1.28036
1.30927	-1.22484
1.4018	-1.14051
1.75665	-1.60366
2.35846	-2.21743
2.79504	-3.17779
2.55011	-3.02277
2.33394	-2.65389
1.71613	-2.26858
1.03204	-1.62309
0.0058174	-1.12876
-0.21171	-1.18304
-0.254653	-1.25941
-0.0637425	-1.36203
0.100841	-1.53214
0.0810612	-1.41881
0.215979	-1.40068
0.466467	-1.30767
0.731172	-1.2553
1.05477	-1.27077
1.1077	-1.17834
0.986541	-0.900266
1.02096	-0.639689
1.04769	-0.769727
0.588491	-0.0883463
0.5499	0.00654168
0.593287	-0.254138
1.4734	-1.1881
1.30569	-0.916471
1.06146	-0.549477
1.31773	-0.857126
1.46546	-1.10392
1.48166	-1.18297
1.65518	-1.34573
1.36834	-0.938018
1.21111	-0.699418
0.983202	-0.521587
0.845899	-0.620947
1.1669	-0.908118
1.02921	-0.979983
1.2882	-1.17358
1.27519	-1.15568
0.745152	-0.558111
0.863096	-0.650288
1.24691	-1.09257
0.900022	-0.612137
1.2333	0.217133
1.00055	0.483825
0.785123	-0.0262662
0.636076	-0.22784
1.04077	-1.06197
0.875012	-0.622539
0.758423	-0.441232
0.767233	-0.367709
0.779622	-0.374144
0.534733	0.0272253
0.3597	0.17614
0.40471	0.241382
0.492683	0.149358
0.54506	0.0883651
0.8026	-0.225103
0.984764	-0.549291
1.09171	-0.820515
1.19713	-1.05484
1.0225	-0.968486
0.995292	-0.966022
0.973624	-0.937256
1.00175	-0.987
0.985566	-0.962284
1.2713	-1.24706
1.45205	-1.43901
1.80399	-1.70589
1.62496	-1.3452
1.75408	-1.60143
1.48245	-1.19188
1.54352	-1.22147
2.14437	-1.80952
1.85544	-1.47739
1.68125	-1.35813
1.97042	-1.72869
1.99983	-1.85894
1.82979	-1.5334
1.95836	-1.52736
1.86109	-1.40218
1.98002	-1.51303
1.85926	-1.36347
1.63662	-1.09723
1.8901	-1.34662
2.11272	-1.51752
1.66419	-1.22929
1.18031	-0.786632
1.29636	-0.800915
1.46416	-0.969534
0.877036	-0.389873
1.06427	-0.550437
1.1251	-0.698845
0.89509	-0.528465
0.723527	-0.372592
0.690784	-0.258043
1.02969	-0.285545
0.663882	0.162655
1.06479	-0.409158
0.867975	-0.311644
0.654839	-0.0916934
0.976235	-0.275274
0.110324	0.761072
0.20137	0.489767
0.846956	-0.171553
1.11658	-0.492399
0.84856	0.0470251
0.687846	-0.0753818
1.27482	-0.889043
1.35635	-1.04465
0.91738	-0.688098
1.40254	-1.04593
0.735971	-0.410396
0.558206	-0.147677
0.597252	-0.16555
0.930567	-0.759377
1.72485	-2.14291
1.63224	-1.96775
1.49073	-1.6934
1.63115	-2.0099
1.11223	-1.42083
1.23403	-1.3173
1.07071	-1.14965
0.817766	-0.892465
0.778576	-0.62994
0.62065	-0.311036
1.03596	-0.420251
0.96714	-0.483748
1.25187	-0.752332
0.94923	-0.696562
0.878843	-0.567066
0.911912	-0.548236
1.05682	-0.661552
1.15277	-0.717019
1.3201	-0.880296
1.49155	-1.10366
1.82134	-1.46199
2.57127	-2.46332
2.30009	-2.20105
2.41573	-2.39408
2.82622	-3.01813
2.43523	-2.54118
2.29004	-2.49244
2.08089	-2.0732
2.29627	-2.31618
2.38406	-2.47932
2.1738	-2.12451
2.29568	-2.31227
2.11325	-1.95661
1.87068	-1.48934
1.67344	-1.21309
1.61521	-1.17307
1.3676	-0.882145
1.28064	-0.921936
1.08245	-0.891706
0.844513	-0.976248
0.723158	-1.14014
1.16271	-1.41647
2.13446	-1.93214
0.884741	-0.622035
0.755196	-0.528918
2.28255	-2.28319
2.49812	-2.49422
2.18064	-2.07248
2.30592	-2.19729
2.44239	-2.57258
2.21366	-2.06019
2.19747	-2.08083
1.95369	-1.73426
2.04379	-1.91835
1.39647	-1.39892
0.736348	-0.96822
0.618545	-0.935171
0.805135	-1.06613
1.09713	-1.23347
1.03409	-0.879556
1.05898	-0.814825
0.609517	-0.393641
0.134862	-0.162968
0.130226	-0.189868
0.195083	-0.110681
0.298252	0.101544
1.18195	-0.506389
1.56027	-0.898794
1.82202	-1.43139
1.84347	-1.55657
1.59055	-1.1378
1.38711	-0.833462
1.20405	-0.621907
1.12184	-0.425661
1.08867	-0.412274
1.01442	-0.470026
0.970084	-0.322235
1.03991	-0.369385
0.945018	-0.235659
0.970446	-0.325611
1.0346	-0.480559
1.14326	-0.598126
1.19757	-0.768649
1.08206	-0.763576
0.906339	-0.51981
0.730629	-0.110569
1.14202	-0.629158
1.09932	-0.73933
0.826487	-0.592149
0.939881	-0.582035
1.33982	-0.922341
1.23097	-0.676037
0.767332	-0.17334
0.641421	-0.0688994
0.984057	-0.411108
1.17992	-0.723973
0.659001	-0.358049
1.15836	-0.907036
1.32608	-0.894938
1.37396	-0.88865
1.64131	-1.10677
1.57378	-0.952621
1.81603	-1.20747
1.8103	-1.18524
1.70386	-1.14425
1.61453	-1.08859
1.55603	-1.06908
1.28698	-0.612431
1.77565	-1.03406
1.9582	-1.29121
1.64114	-0.964227
1.32524	-0.835639
1.2106	-0.863399
1.42018	-0.909098
1.24782	-0.61977
1.59179	-1.18251
1.45942	-0.87255
1.36391	-0.678286
1.45254	-0.985057
0.698893	-0.561884
1.1973	-1.0267
2.30754	-1.94802
1.8626	-1.49907
1.91448	-1.61997
1.77333	-1.54372
1.94204	-1.93545
2.28791	-2.57803
2.58083	-3.16613
1.49184	-1.69969
1.90019	-2.08655
1.64427	-1.67397
1.39176	-1.16983
1.37131	-1.02051
1.48796	-1.03552
1.73958	-1.34352
0.992892	-0.7044
0.445544	-0.1778
0.375443	0.274423
0.528247	0.593787
0.606047	0.716456
0.519236	0.71974
0.809446	0.582218
0.865543	0.532383
1.25351	0.390508
1.21293	-0.463192
0.696972	-0.192799
0.753037	-0.0086147
0.963874	-0.472445
1.20306	-0.662569
0.950074	-0.273495
0.931667	-0.0234149
0.83218	-0.239923
0.363217	-0.167319
0.208289	-0.337005
0.0410843	-1.01569
0.275655	-1.29698
0.249753	-1.23465
0.186198	-1.26832
0.165161	-1.25294
0.212168	-1.28313
0.319064	-1.40099
0.366709	-1.36696
0.461829	-1.44758
0.571064	-1.51879
0.737305	-1.44363
0.932095	-1.52281
0.962128	-1.36565
0.963872	-1.25578
1.38187	-1.63258
1.29084	-1.35308
1.403	-1.226
1.46206	-1.19077
1.50897	-1.17773
1.63186	-1.25359
2.1099	-1.8675
1.85027	-1.30832
1.94439	-1.48849
1.90815	-1.3476
2.04428	-1.44882
2.4254	-2.08974
2.12248	-1.73238
2.3743	-2.21023
1.75005	-1.33889
1.50803	-1.04538
1.32677	-0.739763
1.05455	-0.38108
1.08641	-0.522035
0.818386	-0.212287
1.00849	-0.274715
1.17664	-0.585362
1.01596	-0.371719
0.857934	-0.323413
1.07335	-0.35724
0.996766	-0.329668
1.47047	-1.2905
1.28567	-0.779442
0.67954	-0.391156
0.27427	-0.166172
0.376627	-0.139661
0.744471	-0.365486
0.724265	-0.453426
1.30386	-1.41567
2.07009	-2.6275
2.00488	-2.3866
2.18007	-2.5707
1.43584	-1.61345
1.36183	-1.48272
1.31665	-1.432
1.30645	-1.2395
0.86118	-0.738536
1.11524	-0.809865
1.02586	-0.428124
0.867771	-0.39665
0.553234	-0.0545336
0.722097	0.147664
0.70959	-0.433053
0.830263	-0.813446
0.753023	-0.639536
0.761604	-0.604465
0.837844	-0.567759
0.847355	-0.524408
0.951717	-0.560272
0.844113	-0.384612
0.911278	-0.502075
1.06313	-0.737386
1.71378	-1.5788
1.02431	-1.00158
1.16316	-1.00949
1.62166	-1.49881
2.10354	-2.18524
2.72665	-2.81565
2.92521	-3.1285
2.37516	-2.36371
2.52277	-2.48795
2.20008	-2.0296
2.42972	-2.34038
2.13708	-1.83831
2.1638	-1.94379
1.66645	-1.31809
2.00247	-1.71969
1.97137	-1.66972
1.83969	-1.54609
1.87281	-1.73378
1.65782	-1.47186
1.31959	-0.998924
1.34617	-0.858293
1.24655	-0.533076
0.668681	0.15735
1.02486	0.196172
0.937154	0.22351
0.919213	0.169299
0.942666	-0.657603
0.890494	-0.55519
0.830813	-0.39485
1.0399	-0.560146
0.825698	-0.301793
0.216842	0.0382048
0.189136	0.351943
0.556618	0.600701
0.793945	0.561459
0.791239	0.645962
0.826556	0.482371
0.859225	0.542837
0.676021	0.256197
0.593002	-0.0442345
0.60151	-0.196199
0.519685	-0.216401
1.0672	-0.603313
0.847318	-0.684814
1.10834	-1.14705
0.552398	-0.629482
0.809487	-0.640912
0.650657	-0.511534
0.140653	0.0575753
0.258928	0.389155
0.537727	0.51052
0.360891	-0.442935
0.420744	-0.628471
0.531933	-0.679875
0.643077	-0.777803
0.63771	-0.680468
0.66596	-0.705926
0.73776	-0.698192
0.835028	-0.739987
0.656913	-0.770171
0.480793	-0.879984
0.621485	-1.04529
0.660311	-1.12787
0.572795	-0.984158
0.471552	-0.770405
0.670857	-0.787692
0.752359	-0.99826
0.581861	-0.998507
0.499789	-0.994705
0.446237	-0.992191
0.439287	-0.960214
0.479699	-1.00355
0.578295	-0.96598
0.943468	-0.982938
0.960633	-1.11327
0.751843	-0.922268
0.983163	-0.97337
0.820983	-0.931982
0.577963	-0.414149
0.381449	0.0386937
0.413267	0.36083
0.552337	0.303337
0.409094	0.343428
0.326155	-0.195751
0.715656	-0.529331
0.78041	-0.503941
1.08917	-0.783457
1.14382	-0.846138
1.15081	-0.836412
1.20031	-0.837662
1.3689	-1.0229
1.15221	-1.06321
1.11976	-0.780065
1.18958	-0.769994
1.04723	-0.809086
1.29461	-0.821409
1.18446	-0.852145
0.662184	-0.323085
2.78284	-2.93942
3.04779	-3.56992
3.67868	-4.78369
3.91951	-5.06702
3.51465	-4.15748
3.17414	-3.63934
2.20141	-2.43302
2.50888	-2.5774
2.2478	-1.91452
2.00171	-1.44817
1.15174	-0.599907
1.48628	-0.942524
1.37007	-1.06073
1.44364	-1.07042
1.29246	-0.994218
1.27772	-0.950702
1.64643	-1.42598
1.96	-1.85695
2.43947	-2.58926
2.31035	-2.22916
1.58118	-1.22153
1.148	-0.890156
0.800117	-0.160422
0.713203	-0.0575417
0.902114	0.246076
0.802909	0.086716
1.16665	-0.184859
1.02204	-0.183394
0.897297	-0.0697324
1.07461	0.112413
1.1141	-0.425121
0.915485	-1.39591
0.919428	-1.58604
0.615903	-1.27327
0.464262	-1.16726
0.414691	-1.19312
0.300055	-1.10932
0.224272	-1.14672
0.121248	-1.17772
0.155291	-1.19133
0.279283	-0.909336
1.15903	-1.55977
2.05977	-2.40264
2.52854	-3.086
2.14816	-2.44853
1.16857	-1.34896
0.300166	-1.08764
0.0544778	-1.37389
-0.125928	-1.52462
-0.0287371	-1.4812
-0.0621494	-1.39507
-0.128301	-1.48556
-0.0429488	-1.43956
-0.0249424	-1.50037
-0.0268698	-1.52568
-0.0913591	-1.47123
-0.084387	-1.46013
-0.0259174	-1.46415
-0.0681278	-1.4949
0.012526	-1.57939
-0.00642547	-1.43136
-0.0544037	-1.40736
0.0320131	-1.50303
0.988399	-0.455177
1.064	-0.29435
0.995855	-0.370911
1.20367	-0.521743
1.30227	-0.291237
0.860228	-0.158796
1.20496	-0.642295
1.01441	-0.369411
1.22656	-0.39085
1.03425	-0.601338
0.861795	-0.0874446
1.0008	-0.312176
1.1185	-0.634001
1.27221	-0.710198
1.17213	-0.557833
1.63922	-1.06896
1.76772	-1.19036
1.68386	-1.2601
1.43245	-0.792828
0.222483	0.0375369
0.0427058	-0.0139675
0.440115	0.451514
0.540761	0.432818
0.467709	0.436736
0.0221787	0.213645
0.190631	-0.166013
0.675879	-0.23167
0.561611	0.0333253
0.823224	-0.174671
0.713354	-0.209724
0.846618	-0.280719
0.804551	-0.123059
0.828188	-0.24994
0.864291	-0.463809
0.969708	-0.668709
1.80393	-1.49634
2.15671	-1.82784
1.6549	-1.18854
1.29444	-0.752931
1.21352	-0.701953
1.30506	-0.900926
1.40299	-1.07861
1.56487	-1.18644
1.56764	-1.13089
1.56703	-1.14907
1.54685	-0.995118
1.36571	-0.887607
1.26339	-0.719704
1.11173	-0.591202
1.11798	-0.67606
0.954393	-0.429319
0.954108	-0.459836
0.969891	-0.495541
0.950829	-0.472017
0.945471	-0.467191
1.07259	-0.628619
1.2538	-0.773402
1.6591	-1.34801
1.58386	-1.25586
1.5247	-1.22742
1.31721	-0.953203
1.35212	-0.933792
1.56234	-1.14013
1.48852	-1.01192
1.38329	-1.02083
1.31801	-0.979469
1.55992	-1.21239
1.55495	-1.33788
1.71999	-1.29758
1.1468	-0.690704
1.24647	-0.864991
0.892073	-0.568782
0.901446	-0.512696
1.05328	-0.644821
1.16278	-0.697383
1.24146	-0.710237
1.36896	-0.735694
1.37999	-0.687142
1.39976	-0.634575
1.58552	-0.832824
1.85975	-1.22593
1.87395	-1.30268
1.90229	-1.32257
1.99294	-1.42671
2.10215	-1.72617
2.11548	-1.92682
2.4944	-2.59828
3.14923	-3.61122
2.51662	-2.67434
2.3939	-2.84126
1.96604	-2.19121
1.6619	-1.61689
1.37365	-1.12475
1.45777	-1.16566
1.34618	-0.950953
1.58431	-1.29748
1.73965	-1.49778
1.83005	-1.41345
1.56995	-1.19783
1.43338	-1.07867
1.58916	-1.22401
1.54242	-1.2398
1.71145	-1.23251
1.73984	-1.48471
1.67235	-1.26789
1.71418	-1.47208
1.45448	-1.14243
1.29161	-0.984909
0.83356	-0.27712
0.96766	-0.355115
0.819469	-0.150566
0.826401	-0.0417607
1.11905	-0.258211
1.35436	-0.518909
1.33963	-0.304301
1.32707	-0.506944
1.38099	-0.75918
1.26891	-0.689192
1.25975	-0.770733
1.17977	-0.773302
1.1304	-0.841061
1.10148	-0.963247
1.12408	-1.10636
1.24507	-1.46328
1.47931	-1.84505
1.71214	-2.15139
1.88541	-1.89274
2.11427	-2.0323
2.2069	-2.33092
1.38581	-1.3057
1.12051	-0.878677
1.1116	-0.837391
1.04812	-0.701389
1.03888	-0.670721
0.905709	-0.464692
0.918719	-0.485019
0.915494	-0.543922
0.931544	-0.529137
1.03418	-0.654473
0.66417	-0.336922
0.505524	-0.064881
0.605073	-0.271785
0.821558	-0.602028
1.09128	-0.748493
0.978039	-0.431398
0.782557	-0.3855
0.750767	-0.320698
0.824951	-0.413146
1.12625	-0.473565
0.918838	0.0243247
1.05289	-0.383539
1.18004	-1.18035
1.49777	-1.59478
1.61808	-1.66887
1.59769	-1.42587
1.08291	-0.763609
0.614608	-0.400616
0.574593	-0.616793
0.764107	-1.07908
0.575908	-0.947958
0.554624	-1.0629
0.538461	-1.12818
0.509443	-1.05021
0.502619	-0.957774
0.570896	-0.900415
0.657546	-0.821872
0.84337	-0.91278
0.918739	-0.881031
0.79212	-0.52448
0.384279	-0.31047
0.239408	-0.244886
0.279819	-0.0960195
0.431312	0.191547
0.614722	0.252034
0.535257	0.162031
0.588845	-0.415073
1.3481	-0.9606
1.33033	-0.852077
1.42451	-0.920814
1.50879	-1.08414
1.55154	-1.0659
1.66525	-1.17987
1.92398	-1.4701
1.53017	-0.964511
1.0394	-0.421729
0.735055	-0.243149
0.17269	0.187095
0.160286	-0.118442
0.206939	-0.268569
0.588368	-0.421518
1.30733	-0.970817
1.33503	-0.891928
1.0379	-0.626738
0.983197	-0.606206
0.901068	-0.638502
1.71708	-1.49314
2.06534	-2.07559
2.16633	-2.16585
1.99782	-1.94555
1.90389	-1.80779
1.95049	-1.72266
1.89562	-1.59519
1.69203	-1.41266
1.41651	-1.00986
0.621342	-0.564936
0.161136	-0.986763
0.0214406	-1.15093
0.132956	-1.12918
0.162349	-1.00589
0.264157	-0.931198
0.457555	-0.979433
0.58291	-1.03011
0.542268	-0.888089
0.694906	-0.723878
0.752866	-0.76973
0.60022	-0.632685
0.729552	-0.8039
0.958107	-0.992358
1.13896	-1.10499
1.27661	-1.15325
1.7331	-1.74384
1.6891	-1.74486
1.65304	-1.70074
1.74839	-1.79173
2.00316	-2.07028
2.14079	-2.27006
2.29867	-2.44975
2.18583	-2.26421
2.22231	-2.22513
2.27287	-2.2458
2.19945	-2.11197
2.22004	-2.26228
2.16972	-2.25775
2.17306	-2.35482
2.2307	-2.53602
2.23583	-2.6395
2.47624	-2.74309
2.4127	-2.43248
2.3301	-2.3165
2.17017	-2.22682
2.02132	-2.15709
1.66585	-1.54851
1.79222	-1.62065
1.73851	-1.58364
1.57132	-1.38688
1.56524	-1.37818
1.18592	-0.808108
1.2757	-0.758691
1.14642	-0.704594
1.15526	-0.626719
0.985876	-0.510443
1.19333	-0.768608
1.43325	-0.854722
1.65341	-1.17932
1.51924	-1.15367
1.67169	-1.32893
1.5838	-1.29482
1.2754	-0.934587
1.20472	-0.980744
1.07336	-1.12444
0.964651	-1.15797
0.831092	-1.42066
1.35621	-2.0602
1.41527	-2.26525
1.64929	-2.61489
1.52955	-2.45566
1.001	-1.61911
0.851365	-1.36463
0.629733	-0.92508
0.728077	-0.814226
0.955888	-0.989789
1.03775	-0.981682
1.48822	-1.2838
1.67391	-1.33545
2.44003	-2.3773
2.748	-2.90095
2.56912	-2.46223
3.17678	-3.6837
3.34017	-3.83401
3.69121	-4.32317
1.89377	-1.98529
0.607234	-0.321951
0.623867	-0.370526
1.5694	-1.12524
1.52298	-1.27502
1.5216	-1.3387
1.79147	-1.53624
1.72624	-1.56314
1.50336	-1.10636
1.45621	-1.02152
1.20878	-0.798892
1.12758	-0.883758
1.34567	-0.887942
1.08355	-0.477383
0.853186	-0.1866
1.0851	-0.317209
0.955622	-0.241229
0.978468	-0.108274
1.29018	-0.36429
1.1473	-0.154447
1.02828	-0.14147
1.01065	0.0631115
0.823403	0.307532
1.21574	-0.015177
0.99378	-0.0062974
0.927862	-0.244643
1.011	-0.331541
1.18548	-0.57731
1.56322	-1.17455
1.40843	-1.03134
1.64615	-1.37475
1.25825	-0.687755
1.04519	-0.684979
1.54133	-1.01498
1.13378	-0.500887
1.20388	-0.666364
1.10486	-0.489448
0.989011	-0.130215
0.437772	0.847095
0.911892	0.117694
1.15538	-0.605539
1.09331	-0.803225
1.73342	-1.3977
1.6724	-1.4543
1.59659	-1.3802
1.46085	-1.18138
1.50224	-1.20717
1.88549	-1.68075
1.56559	-1.16058
1.21334	-0.699699
1.53728	-0.98819
1.37191	-0.815686
1.17571	-0.903048
0.533287	-0.170267
0.445188	0.503157
0.621355	0.966852
0.920549	1.05723
0.810272	0.615294
0.747589	0.696777
0.622782	0.506023
0.641632	0.649171
0.333789	0.558234
0.0397878	0.350641
0.488384	0.083234
0.842215	-0.166965
0.63431	0.0149387
0.711771	-0.196811
0.810516	-0.497757
0.745648	-0.083227
0.938632	-0.300104
0.526501	0.0172808
0.548896	-0.170352
0.556089	-0.115582
1.23304	-0.773424
1.08453	-0.82301
1.38627	-1.03212
1.90485	-1.57493
2.44238	-2.2697
2.07618	-1.74674
1.93143	-1.72421
2.69616	-2.53638
2.08953	-1.93547
1.97578	-1.79284
1.96184	-1.70709
1.88876	-1.59778
1.17535	-0.911158
1.43553	-1.01545
1.30031	-0.884002
1.04093	-0.297358
1.10121	-0.545256
0.576992	-0.519444
0.47689	-0.362709
0.873035	-0.666043
1.42362	-1.20444
2.01867	-1.60128
2.48996	-1.94224
2.13167	-2.06588
3.05752	-3.25572
2.27118	-1.83843
1.51692	-0.926558
0.953473	-0.195598
1.04157	-0.350557
0.84418	-0.300652
0.854457	-0.244084
1.3224	-0.654269
1.05631	-0.316126
0.719575	-0.0729402
0.646573	-0.183337
0.568501	0.0944159
0.692714	0.55259
0.693586	0.736512
0.811555	0.510652
1.02581	0.849533
0.980476	0.326928
0.76078	-0.0067557
0.875589	0.303188
0.441014	-0.149841
0.6593	-0.106657
1.05312	-0.262433
1.45354	-0.40379
1.42046	-0.549322
1.12329	-0.697463
1.38891	-1.0293
1.46382	-1.001
1.90347	-1.4906
2.34849	-2.17718
2.31567	-2.02038
2.06895	-1.64838
2.02681	-1.5353
1.51696	-0.685823
1.57246	-0.7239
1.44532	-0.572245
1.47786	-0.639283
1.30753	-0.299489
1.36116	-0.102124
1.27426	-0.00560083
1.14796	0.181859
1.47798	-0.273327
1.4958	-0.338396
1.54488	-0.493619
1.53959	-0.624652
1.58147	-0.730632
1.58979	-0.805657
1.81792	-1.12313
1.58628	-0.917841
1.7071	-1.19618
1.76363	-1.2764
1.77048	-1.35115
1.54506	-1.05085
1.44487	-1.01186
1.2504	-0.839617
1.47722	-1.07805
1.3078	-0.862563
1.61834	-1.2221
2.03138	-1.75467
1.54717	-1.09081
0.962005	-0.614938
0.760659	-0.376096
0.672991	-0.378623
0.551572	-0.164561
0.633543	-0.167549
0.483849	0.0298161
0.828573	-0.144127
0.663352	0.139402
0.703252	-0.0345295
1.19222	-1.07219
1.9572	-1.54804
2.66683	-2.59563
2.00773	-1.63077
1.74962	-1.21244
1.31654	-0.57627
1.1959	-0.461773
1.39097	-0.834054
2.02163	-1.78307
3.12647	-3.57504
2.0389	-1.87994
2.43731	-2.47954
2.80332	-2.94942
3.02952	-3.10982
2.23997	-1.91901
2.93182	-2.819
3.09426	-3.33309
3.10828	-3.48185
2.64302	-2.87662
1.86697	-1.87305
1.21302	-1.23498
1.0807	-0.799967
1.30878	-0.86223
1.41756	-1.06546
1.08149	-0.642864
1.28435	-0.905072
1.25229	-0.832494
1.09319	-0.689001
0.889552	-0.418716
0.318739	0.74585
0.452293	0.266242
0.662317	-0.251074
0.856603	-0.488377
0.329807	-0.137608
0.265601	-0.227376
0.209633	-0.350323
0.257716	-0.53784
0.277234	-0.470891
0.117709	-0.461948
0.0275958	-0.307036
-0.0774158	-0.0200104
-0.208896	0.344745
-0.461554	0.676465
-0.128147	0.6009
0.0757328	0.528302
0.611149	0.0985127
0.895994	-0.275766
0.929799	-0.314548
1.12037	-0.529058
1.28796	-0.810363
1.24473	-0.66455
1.36033	-0.811924
1.49336	-0.909385
1.88747	-1.42337
2.20526	-1.99156
1.80731	-1.40906
2.05437	-1.72256
2.07757	-1.81118
2.01571	-1.61336
2.16547	-1.95286
1.54852	-1.09732
1.6208	-1.14309
1.28309	-0.762507
1.38692	-0.890392
1.38235	-0.912869
1.22517	-0.513389
0.882124	-0.336981
1.10699	-0.504015
0.79372	-0.191801
1.01416	-0.412126
0.702085	-0.136566
0.653869	-0.218005
0.899312	-0.259081
1.03444	-0.389309
0.874592	-0.313566
1.28361	-0.68566
1.19429	-0.665816
1.12509	-0.604329
1.0406	-0.475478
1.05887	-0.474768
