-0.569443	-0.198055
-0.689837	-0.346531
-0.790969	-0.179435
-0.897237	-0.248931
-0.655411	-0.153554
-0.772653	-0.301418
-0.896504	-0.21236
-0.883295	-0.175024
-0.947723	-0.414275
-0.925088	-0.441024
-0.652444	-0.444048
-0.496227	0.0122453
-0.190221	0.551557
-0.297551	0.706445
-0.411991	0.604165
-1.03758	0.14981
-0.843199	0.216511
-0.549415	0.0700056
-0.232757	-0.0787674
-0.0853802	-0.0602708
0.0790797	0.0985848
-0.0110224	0.166655
-0.214095	0.347018
-0.365575	0.0199971
-0.490338	0.00743327
-0.475681	-0.101892
-0.566022	-0.12775
-0.73693	-0.200854
-0.831774	-0.160211
-0.393057	-0.0365222
0.396436	0.479966
0.567116	0.325012
0.436884	0.248788
0.160084	0.182069
-0.0635149	0.112448
-0.236616	0.099526
-0.31919	0.100329
-0.266185	0.0605444
-0.367968	0.1103
-0.302961	-0.0482461
-0.401062	0.0120084
-0.589231	0.0554304
-0.697281	0.202012
-0.854094	0.0907723
-1.09387	0.181479
-1.0061	0.146136
-0.94596	0.0486644
-0.978333	0.0402696
-0.981462	0.0140428
-0.833951	0.0373879
-0.694814	0.0586083
-0.453255	0.149561
-0.252004	0.267579
-0.133896	0.435766
-0.0295459	0.356064
-0.0410274	0.446712
-0.0216116	0.298654
-0.202642	0.295276
-0.192884	0.183794
-0.379906	0.116383
-0.447219	0.0204489
-0.552569	-0.157758
-0.577703	-0.130454
-0.556766	-0.107043
-0.581708	0.0907164
-0.625011	0.362828
-0.60178	0.534914
-0.584702	0.628178
-0.589295	0.580367
-0.670301	0.574413
-0.537932	0.506048
-0.544558	0.416744
-0.50661	0.332679
-0.50946	0.230167
-0.554479	0.230313
-0.574044	0.100978
-0.544801	0.135269
-0.373877	0.0888733
-0.442897	0.118222
-0.547616	0.256728
-0.522164	0.331235
-0.505937	0.421553
-0.15327	0.415249
0.147603	0.233849
0.204012	0.481119
0.286445	0.669658
0.25438	0.412834
0.195754	0.78928
-0.0872536	1.0354
-0.574545	1.02331
-0.849767	0.912647
-1.21046	0.778031
-1.16731	0.51033
-1.19215	0.280232
-1.27229	0.190977
-1.36022	0.122172
-1.34979	0.00547561
-1.27024	-0.092528
-1.16679	-0.21588
-1.20024	-0.145778
-1.10461	-0.160799
-1.25563	-0.0392751
-1.15619	0.0428877
-1.23258	0.263295
-0.894295	0.24913
-0.80261	0.177857
-0.609126	0.598701
-1.01891	0.198253
-0.966847	0.0696383
-0.618457	0.0492231
-0.329688	0.219886
-0.351808	0.355976
-0.360071	0.385892
-0.37372	0.237239
-0.265558	0.0831067
-0.351041	0.249858
-0.578633	0.0870624
-0.414964	0.133582
-0.391004	0.31269
-0.0432253	0.42507
0.0225909	0.290908
0.252803	0.515668
0.408101	0.5359
0.486005	0.592262
0.538344	0.717446
0.536713	0.55577
0.516325	0.553954
0.327648	0.605935
0.231107	0.606347
0.0869512	0.564394
-0.123192	0.589316
-0.14038	0.467846
0.140115	0.26405
-0.119619	0.266996
-0.304951	-0.118877
-0.567074	-0.163143
-0.463122	-0.105094
-0.412402	-0.208801
-0.274808	-0.13341
-0.368192	-0.125836
-0.384673	-0.276698
-0.20382	-0.33159
-0.230926	-0.343368
-0.367152	-0.422618
-0.196005	-0.399204
-0.193434	-0.393481
-0.312968	-0.316377
-0.598035	-0.36864
-0.68081	-0.426996
-0.559905	-0.267997
-0.368364	0.110172
-0.368216	0.211913
-0.0243065	0.28352
0.164768	0.188041
0.271671	0.200565
0.216583	0.149879
-0.116088	0.00675149
-0.228019	0.122389
-0.419545	0.154585
-0.548001	0.128942
-0.591896	0.202939
-0.522585	0.295244
-0.519667	0.413511
-0.569066	0.526998
-0.450223	0.56013
-0.399931	0.62734
-0.414551	0.546485
-0.630685	0.597361
-0.649454	0.461181
-0.447617	0.339703
-0.473917	0.363328
-0.720024	0.417455
-0.763081	0.251417
-0.72661	0.11075
-0.71994	0.045627
-0.66938	0.0837554
-0.540291	0.189619
-0.270464	0.233878
-0.117772	0.171354
-0.330911	-0.0375859
-0.518019	0.0106096
-0.336683	-0.0611755
-0.609517	-0.0241839
-0.569228	-0.0613361
-0.956648	-0.11842
-1.01556	-0.156543
-0.673377	0.654025
-0.759309	0.827956
-0.775945	0.792181
-0.659232	0.665571
-0.633544	0.596021
-0.678363	0.521519
-0.789783	0.468423
-0.641742	0.31865
-0.450154	0.253698
-0.463796	0.445151
-0.460592	0.0766223
-0.603576	-0.0234301
-0.690034	-0.142601
-1.07841	0.174619
-0.959731	-0.129676
-0.364148	0.0160891
-0.371327	0.176657
-0.556447	0.265801
-0.403049	0.251776
-0.550073	0.274587
-0.624249	0.296394
-0.753878	0.315159
-1.03412	0.441683
-0.941522	0.352039
-0.745338	0.13467
-0.432117	0.318493
-0.913289	0.369102
-1.2367	0.489583
-1.12442	0.363188
-1.13299	0.288095
-1.2974	0.276261
-1.09961	0.0404394
-1.02728	-0.044373
-1.13037	0.0534193
-1.15143	0.0362617
-1.22057	0.123442
-0.992155	-0.0660446
-0.935676	-0.0257511
-0.797365	-0.0734349
-0.65964	0.0699764
-0.498301	0.731988
-0.120732	0.95252
-0.139536	0.916281
-0.312218	0.454405
-0.347646	0.406903
-0.346827	0.489393
-0.393735	0.515593
-0.383809	0.504494
-0.582332	0.496273
-0.6551	0.436349
-0.591439	0.361305
-0.559858	-0.0844268
-0.679028	0.110213
-0.710996	0.0367957
-0.985749	0.375619
-0.973723	0.323942
-0.765513	-0.164958
-0.87901	-0.230272
-0.650502	-0.206255
-0.795296	-0.100774
-0.837831	-0.00842778
-0.714246	-0.299591
-0.712108	-0.335805
-0.916319	-0.228659
-0.82924	-0.0442826
-0.731718	-0.339051
-0.740938	-0.293449
-0.765255	-0.327944
-0.593526	-0.21827
-0.890181	-0.178284
-1.66332	-0.174189
-0.854913	-0.227176
-0.627317	0.0240303
-0.565178	0.078302
-0.824238	0.0495912
-0.742859	0.317146
-0.639118	0.050302
-0.965626	0.0412456
-0.923815	0.0414562
-0.985326	0.0840849
-0.905508	0.0832238
-0.892147	0.193257
-0.883586	0.162594
-1.12394	0.131387
-1.09294	0.0909317
-1.2963	0.124147
-1.18884	-0.00459002
-1.04904	-0.0831163
-0.988967	-0.190082
-0.853375	-0.114998
-0.858565	-0.310935
-0.828685	-0.386853
-0.868733	-0.58087
-0.737447	-0.298818
-0.825438	-0.46311
-0.821661	-0.22996
-0.87129	-0.310251
-0.78646	-0.339075
-0.802078	-0.305867
-0.811006	-0.217002
-0.691314	-0.412274
-1.01557	-0.339011
-0.917471	-0.281563
-0.844625	-0.432162
-0.764721	-0.402455
-0.543927	-0.242223
0.142375	-0.101151
0.381759	0.169727
-0.234933	-0.0170977
-0.560736	-0.0673931
0.121933	0.227785
0.460438	0.497941
0.220819	0.41115
0.0213952	0.154035
-0.162983	-0.0135601
-0.374686	-0.084055
-0.641123	-0.0789739
-0.863973	-0.0972575
-0.902305	-0.0433762
-0.983579	0.111961
-0.990913	0.318399
-0.507789	0.200654
-0.499926	0.318894
-0.253246	0.59144
-0.149629	1.06484
0.199467	1.2134
0.20615	1.03626
0.124567	1.10035
0.104572	1.24665
-0.166386	1.21415
-0.444134	1.226
-0.64037	1.05499
-0.73366	0.856354
-0.863645	0.604259
-0.933755	0.452747
-1.01622	0.301027
-1.03221	0.193211
-0.963042	0.101502
-0.969993	0.0418093
-1.0036	0.1524
-0.764532	0.131878
-0.668792	0.26199
-0.547866	0.122363
-0.516338	0.211138
-0.369345	0.288722
-0.414181	0.441693
-0.492412	0.31601
-0.856666	0.151808
-0.999589	0.119648
-1.07398	0.413894
-0.919689	0.548117
-0.872021	0.681935
-0.713805	0.818324
-0.556849	0.872213
-0.241183	0.851545
-0.0754563	0.819894
0.123304	0.508133
-0.140102	0.409094
-0.0889275	0.528472
-0.0711881	0.636608
-0.0948704	0.548916
-0.458741	0.418327
-0.355734	-0.13356
-0.0149836	0.268269
-0.328913	0.395788
-0.806332	0.105689
-0.977957	0.0942639
-0.962165	-0.0524464
-0.811485	-0.0823656
-0.620093	-0.0983969
-0.648254	-0.0902417
-0.65908	0.0593645
-0.63414	-0.106347
-0.538179	-0.0993614
-0.638681	-0.0477695
-0.663781	-0.0834114
-0.035829	-0.53462
0.344794	-0.624511
0.601869	-0.545368
0.0545026	-0.447232
0.291133	0.0078635
0.329932	0.615459
0.207956	0.631289
0.191562	0.464799
0.167946	0.362327
0.0376347	0.329179
-0.0742569	0.349169
-0.144944	0.252412
-0.382329	0.303171
-0.486372	0.246677
-0.590229	0.363218
-0.560451	0.48991
-0.307016	0.112598
-0.352417	-0.00731503
-0.499488	0.0279625
-0.480102	-0.0361652
-0.368875	-0.179872
-0.5759	0.0683717
-0.638915	0.0213485
-0.524024	0.00894238
-0.655058	0.090016
-0.493604	0.0405264
-0.0660093	0.466481
-0.327284	0.430782
-0.686111	0.62262
-0.495485	0.547981
-0.5419	0.37699
-0.751467	0.26673
-0.538675	0.686396
-0.721025	0.619519
-0.849985	0.622104
-0.839922	0.623471
-0.736139	0.456432
-0.803067	0.40349
-0.916614	0.408944
-0.782542	0.2022
-0.891913	0.298547
-0.606931	0.218723
-0.501523	0.178631
-0.502063	0.276041
-0.762844	0.270954
-0.439571	0.197859
-0.494673	0.0857886
-0.536267	-0.114453
-0.422553	-0.236354
-0.462379	-0.299611
-0.360971	-0.35652
-0.45074	-0.207567
-0.38525	-0.256192
-0.427652	-0.0542019
-0.165113	-0.276549
-0.174957	-0.50528
-0.421127	-0.319294
-0.318292	-0.291195
-0.0591643	-0.210871
-0.406745	-0.356552
-0.450225	-0.50282
-0.403074	-0.568317
-0.415861	-0.590551
-0.496379	-0.631778
-0.459034	-0.234577
-0.774395	-0.486068
-0.582413	-0.313847
-0.60155	-0.154539
-0.643689	-0.0324775
-0.885222	-0.285016
-0.890051	-0.371309
-0.772959	-0.222894
-1.06482	-0.325232
-1.33468	-0.184535
-1.37235	0.110717
-0.506148	0.288076
-0.185637	0.0298572
-0.48755	-0.182776
-0.632292	-0.289048
-0.244854	-0.258577
-0.512812	-0.197634
-0.70056	-0.00574453
-0.645442	0.0419416
-0.370041	0.212795
-0.27736	0.0979321
-0.43547	-0.0222024
-0.588303	-0.132036
-0.52411	-0.217142
-0.743322	-0.182766
-0.471747	-0.10262
-0.599386	-0.10607
-0.948052	0.0933298
-0.905344	0.257576
-0.499884	0.690967
-0.556605	0.739062
-0.702684	0.585948
-0.856127	0.489544
-0.937755	0.424391
-0.982344	0.375926
-0.986224	0.371205
-0.901168	0.356201
-0.907103	0.401039
-0.944036	0.471332
-1.00265	0.51792
-0.837988	0.542283
-0.48313	0.49528
-0.445245	0.462022
-0.422656	0.378081
-0.50133	0.354726
-0.336613	0.158772
-0.444917	-0.0462066
-0.209057	0.0939773
-0.240912	0.311996
-0.415141	0.254409
-0.222992	-0.0285055
-0.100135	0.01737
-0.288689	0.0394686
-0.244027	0.0297203
-0.152549	0.21805
-0.34359	0.119166
-0.514925	0.182098
-0.236212	0.263214
-0.330136	0.204891
-0.19473	0.258279
-0.588706	0.270947
-0.577029	0.927426
-0.446132	1.0987
-0.29889	1.18031
-0.237927	1.14699
-0.180647	1.25111
-0.21013	1.22827
-0.230255	1.22743
-0.366623	1.187
-0.528825	1.14849
-0.628984	1.04392
-0.706349	0.888061
-0.857163	0.760193
-0.94133	0.52758
-1.03184	0.304528
-1.10296	0.202515
-1.16519	0.0613405
-1.23447	-0.0190185
-1.28772	-0.0216457
-1.11199	-0.204265
-1.01156	-0.347898
-0.906666	-0.259808
-0.554431	-0.306271
-0.337048	-0.0565934
-0.340688	-0.0482869
-0.547535	-0.0338415
-0.401591	-0.0604185
-0.551737	0.038151
-0.571037	0.0633983
-0.387776	0.15525
-0.451755	0.104622
-0.355224	0.0594397
-0.191042	0.198661
0.110007	0.269748
0.21196	0.265762
0.169584	0.233851
0.0177531	0.136618
-0.095271	0.0688872
-0.132293	0.0524251
-0.120918	-0.0608148
-0.0580031	-0.153695
-0.140473	-0.157256
0.0750804	-0.192238
0.186674	-0.0942028
-0.00912563	0.0362804
-0.25598	-0.114441
-0.209892	-0.363699
-0.404986	-0.260817
-0.136123	-0.0491022
-0.135988	-0.0230508
-0.215451	0.182739
-0.161487	0.127069
-0.263966	0.167485
-0.118093	0.124596
-0.0547482	0.0639116
-0.162488	0.0941387
-0.272106	0.0285876
-0.370335	-0.0225457
-0.442517	-0.0163411
-0.672813	0.0805092
-0.837186	0.129445
-0.738006	0.0183851
-0.938955	0.307389
-1.34087	0.289512
-1.06316	0.394629
-1.11173	0.319767
-1.12736	0.272703
-0.753425	-0.0618672
-0.159237	0.371862
-0.376729	0.357967
-0.541472	0.340991
-0.71606	0.306587
-0.566389	0.362066
-0.57138	0.277976
-0.367588	0.136246
-0.420615	0.13161
-0.551067	0.32497
-0.848307	0.213174
-0.839372	0.230618
-0.86153	0.275912
-0.891068	0.294191
-0.858884	0.318228
-0.861006	0.360196
-0.913842	0.389739
-0.942759	0.451101
-0.926336	0.522684
-0.832353	0.607037
-0.683366	0.747493
-0.587724	0.731635
-0.211434	0.563564
-0.325565	0.553083
-0.406392	0.663313
-0.524191	0.705375
-0.425627	0.690872
-0.458568	0.72892
-0.305889	0.761716
-0.138792	0.527317
0.0042376	0.430848
-0.147319	0.303534
-0.0483715	0.00542741
-0.260767	-0.2031
-0.347409	-0.250258
-0.419786	-0.361071
-0.595335	-0.27042
-0.544421	-0.192195
-0.486582	-0.202206
-0.556117	-0.210733
-0.463076	-0.0886986
-0.376061	-0.0338592
-0.318836	-0.170903
-0.623895	-0.216417
-0.704643	-0.336903
-0.565056	-0.230133
-0.753062	-0.285728
-0.69131	-0.308468
-0.712586	-0.0846274
-0.788959	0.00942263
-0.493268	0.0846307
-0.216612	0.140142
-0.41254	-0.0982912
-0.456599	-0.0572462
-0.472724	0.0451586
-0.457849	0.0601972
-0.483914	0.00488329
-0.244588	-0.289343
-0.0683654	-0.141364
-0.157958	-0.209667
-0.306424	-0.170284
-0.203395	-0.145363
-0.414161	-0.0109076
-0.513539	-0.301927
-0.449216	-0.380501
-0.470364	-0.218484
-0.607418	-0.558436
-0.491961	-0.234366
-0.456579	-0.083534
-0.235003	0.385629
-0.676345	0.538955
-0.815746	0.595503
-1.04825	0.468923
-0.795968	0.0707132
-0.825447	0.0484871
-0.595036	0.470934
-0.704853	0.656698
-0.640658	0.581704
-0.607393	0.569038
-0.616401	0.576237
-0.581932	0.697321
-0.64598	0.597267
-0.636522	0.448547
-0.580738	0.316073
-0.356769	0.098268
-0.349366	0.175411
-0.252257	0.478203
-0.163296	0.3013
-0.132809	0.0825792
-0.226163	-0.0289963
-0.228172	-0.205163
-0.245397	-0.335813
-0.421087	-0.180064
-0.582531	-0.0486629
-0.42388	-0.118996
-0.402038	0.0141464
-0.519047	0.295564
-0.528058	0.454171
-0.556116	0.474142
-0.482076	0.594374
-0.466402	0.472489
-0.214651	0.446982
-0.212284	0.405551
-0.347653	0.399746
-0.523286	0.540144
-0.55348	0.26822
-0.436035	0.0577825
-0.321712	-0.0830976
-0.142903	-0.113476
-0.126963	-0.0216071
-0.111278	-0.119145
-0.107386	-0.131267
-0.0947624	-0.142217
-0.163957	0.090309
-0.242843	0.381644
-0.604251	0.946665
-0.391665	0.37534
-0.379762	0.143234
-0.447326	0.209947
-0.419423	0.151124
-0.420135	0.317995
-0.260518	0.331138
-0.239723	0.370822
-0.114919	0.286732
0.0257607	0.474946
0.048345	0.430009
0.541815	0.26309
0.129458	0.336742
-0.249942	0.260412
-0.446801	0.204317
-0.496633	0.108864
-0.511937	0.0764119
-0.370933	0.0874848
-0.190937	0.101382
-0.0118009	0.202455
0.172018	0.29529
0.314134	0.459912
0.0829265	0.618579
-0.327656	0.510493
-0.392758	0.780229
-0.454097	0.551622
-0.21164	0.324278
-0.54054	0.688753
-0.424287	1.0117
-0.273334	1.21942
-0.206552	1.29525
-0.270538	1.33612
-0.582625	0.942453
-0.555426	0.854268
-0.476314	0.671876
-0.422558	0.520709
-0.195946	0.348148
-0.334627	0.369056
-0.311018	0.312038
-0.336905	0.455606
-0.29748	0.358661
-0.353111	0.0152563
-0.52075	0.0778291
-0.760242	-0.0963297
-0.78743	-0.0775296
-0.858277	-0.0324979
-1.0133	0.0408709
-0.924484	-0.000207536
-0.884258	-0.318147
-0.727504	-0.0981189
-0.582096	0.112242
-0.808978	0.0940413
-0.644398	0.178313
-0.750257	0.110471
-0.677076	0.124755
-0.68287	0.0965064
-0.726051	0.0801538
-0.713902	0.107266
-0.72597	-0.016006
-0.718056	0.039659
-0.767836	0.099368
-0.76368	0.0935765
-0.794752	0.190494
-0.8657	0.203405
-0.992495	0.365085
-0.926685	0.406754
-0.74555	0.425771
-0.853955	0.218819
-1.11549	0.391454
-0.602415	0.543617
-0.59267	0.495345
-0.342281	-0.115421
-0.513073	0.0993105
-0.397043	-0.0500705
-0.560356	0.211517
-0.829198	0.238145
-0.769755	0.280002
-0.628224	0.198436
-0.475973	0.29315
-0.331149	0.237
-0.482998	0.221898
-0.532625	0.098822
-0.556866	-0.0883909
-0.546305	-0.0901989
-0.845971	-0.296882
-0.71563	-0.237708
-0.722631	-0.343762
-0.629641	-0.463776
-0.779435	-0.242757
-0.797731	-0.353578
-0.887246	-0.286625
-0.882139	-0.324426
-0.677103	-0.250208
-0.878923	-0.360187
-0.995358	-0.418496
-0.891746	-0.383801
-0.792236	-0.623126
-0.770686	-0.36033
-0.78756	-0.344786
-0.735289	-0.318404
-0.407683	0.175587
-0.383815	-0.103071
-0.492401	-0.183239
-0.6506	0.158145
-0.535226	-0.220728
-0.723637	-0.26844
-0.744732	-0.302212
-0.764935	-0.295661
-0.322068	-0.157661
-0.284865	0.175191
-0.287867	0.12655
-0.0651132	0.107977
-0.193071	0.446724
-0.00024151	0.248574
-0.00105031	0.252908
-0.0485967	0.19086
-0.259969	-0.0609679
-0.222628	-0.085085
-0.190381	0.179453
-0.195235	0.166062
-0.281061	0.0522599
-0.154735	0.0174333
0.0705538	0.0678468
0.119074	0.121305
-0.0684714	0.098865
0.059213	0.152892
-0.0804953	0.165773
-0.128379	0.237958
0.0863645	0.306374
0.288765	0.29432
0.469429	0.4056
0.533736	0.391137
0.348968	0.391277
0.533749	0.363002
0.454063	0.297763
0.459193	0.361286
0.424167	0.357402
0.293197	0.471117
0.00711353	0.589433
-0.0793951	0.395653
0.0375899	0.408388
-0.0622736	0.355446
-0.134791	0.371763
-0.0553058	0.280139
-0.00325516	0.251615
-0.185679	0.259045
-0.269762	0.109629
-0.382667	0.190042
-0.592245	0.403445
-0.482299	0.441623
-0.527771	0.623687
-0.577648	0.689788
-0.646703	0.741852
-0.614964	0.762999
-0.643437	0.794029
-0.58317	0.820115
-0.577925	0.885104
-0.45454	0.803309
-0.432174	0.776489
-0.310967	0.656714
-0.117078	0.361431
-0.238432	0.219083
-0.155089	0.229766
-0.127186	0.314091
0.00248393	0.349381
-0.0513414	0.39847
0.0331892	0.462837
-0.102217	0.508812
0.0631875	0.538218
-0.0254319	0.541831
-0.309068	0.489251
-0.340951	0.369292
-0.556909	0.461321
-0.475828	0.385336
-0.369888	0.200384
-0.728072	0.0385084
-0.699476	-0.188648
-0.872387	-0.13839
-1.05256	-0.410005
-1.02774	-0.428912
-0.978453	-0.293061
-0.950176	-0.413099
-0.782888	-0.183489
-0.785501	-0.296258
-0.688076	-0.196892
-0.814769	-0.477056
-0.760255	-0.441177
-0.808365	-0.345162
-0.758797	-0.389838
-0.697877	-0.372242
-0.46859	-0.335568
-0.746415	-0.430463
-0.797244	-0.484354
-0.78191	-0.409601
-0.409127	-0.236157
0.183352	0.0479168
0.0432556	0.300779
-0.0798316	0.0698622
-0.149162	-0.0348023
-0.16766	-0.231049
-0.34643	-0.0232542
-0.19952	0.291754
-0.417877	0.56946
-0.454387	0.563066
-0.526738	0.499984
-0.606147	0.622143
-0.69118	0.717154
-0.63549	0.73211
-0.558223	0.799374
-0.532084	0.705363
-0.575085	0.776705
-0.496753	0.670569
-0.402752	0.598134
-0.332847	0.591248
-0.19882	0.350453
-0.291696	0.289323
-0.447369	0.170847
-0.479669	0.114996
-0.492209	-0.0270109
-0.434181	-0.161707
-0.436045	-0.273383
-0.516086	-0.2393
-0.532273	-0.384791
-0.52065	-0.407683
-0.383373	-0.337135
-0.214602	-0.230374
-0.0043343	-0.150529
0.205205	-0.397182
-0.0561149	-0.394244
-0.41861	-0.292347
-0.473547	-0.225947
-0.679796	-0.160552
-0.449605	-0.226929
-0.412787	-0.357142
-0.511194	-0.871683
-0.12731	-0.772845
0.0156582	-0.0914703
-0.0737254	0.102879
-0.301859	0.104016
-0.0986838	0.089497
0.121585	-0.00355037
0.231147	0.0757812
0.280004	0.0858709
0.26726	0.0720151
0.148095	0.0899692
0.23475	-0.0397952
0.355569	-0.180868
-0.0549021	-0.203946
-0.433214	-0.327717
-0.0871118	-0.441272
-0.340752	-0.292485
-0.309372	-0.469044
-0.178628	-0.451821
-0.27926	-0.309871
-0.562295	-0.148477
-0.608334	-0.294168
-0.536278	-0.302016
-0.270929	-0.490895
-0.101568	-0.194233
0.00382008	0.306158
-0.311603	0.73684
-0.452936	0.874053
-0.312536	0.821913
-0.205083	0.872504
-0.0293506	1.07115
0.106374	1.05971
0.201265	0.496477
0.0591091	0.326258
-0.188955	0.517548
-0.167133	0.487445
-0.13214	0.4621
-0.155409	0.555631
-0.223104	0.642982
-0.233521	0.648424
-0.181029	0.567289
-0.316333	0.371832
-0.4309	0.129408
-0.615866	-0.00628445
-0.419137	0.0481339
-0.531832	-0.0422254
-0.544819	-0.224929
-0.756903	-0.217024
-0.765231	0.0823324
-0.547946	0.759096
-0.479019	1.1161
-0.524449	1.08449
-0.557223	0.914024
-0.448288	0.721759
-0.243754	0.45967
-0.30833	0.280799
-0.455748	0.175105
-0.660499	0.102246
-0.677364	-0.0518647
-0.55618	-0.124924
-0.492249	0.161055
-0.41539	0.118036
-0.119042	-0.0344338
0.153302	0.248025
0.271704	0.288906
0.404448	0.379173
0.448556	0.612944
0.410664	0.666036
0.42018	0.528855
0.237177	0.607409
0.000607721	0.733884
0.0733757	0.620857
0.0970662	0.625376
0.504245	0.316914
0.55904	0.28629
0.633201	0.220944
0.53515	0.150649
0.119399	0.0685493
-0.211459	-0.03975
-0.542731	-0.029632
-0.405309	-0.111601
-0.743463	-0.0446737
-0.809556	-0.0235614
-0.865537	-0.079297
-0.867819	-0.128899
-0.921494	-0.156982
-0.88438	-0.172109
-0.840794	-0.252951
-0.741992	-0.195232
-0.71723	-0.242094
-0.741936	-0.220514
-0.638295	-0.0335105
-0.740031	0.208284
-0.315871	0.307994
-0.368178	0.13493
-1.01258	0.118644
-0.787711	0.334428
-0.613097	0.235487
-0.880826	0.137537
-0.90423	0.213663
-0.879557	0.228526
-0.868688	0.166312
-1.03788	0.263073
-0.992468	0.237693
-0.8127	0.177193
-0.803827	0.0145629
-0.782747	-0.0541801
-0.801287	-0.0446543
-0.84273	-0.159374
-0.708898	-0.151143
-0.77548	-0.179466
-0.729033	-0.302411
-0.78401	-0.410369
-0.794981	-0.38232
-0.694695	-0.343569
-0.721077	-0.176197
-0.790639	-0.440352
-0.858961	-0.567034
-0.679304	-0.371715
-0.930709	-0.386852
-0.920951	-0.373767
-0.9267	-0.438805
-0.861849	-0.293513
-0.791493	-0.296595
-0.889113	-0.294508
-0.718324	-0.478607
-0.894196	-0.499278
-0.89316	-0.521302
-0.833172	-0.288908
-1.0166	-0.269763
-0.924723	-0.250289
-0.866062	-0.337863
-0.680301	-0.325421
-0.760761	-0.0709491
-0.838974	-0.274787
-0.799127	-0.271072
-0.677307	0.327997
-0.566909	0.386124
-0.511055	-0.263579
-0.413626	-0.0427523
-0.325137	-0.158452
-0.272695	-0.0879054
-0.70032	-0.06983
-0.612698	-0.249145
-0.606276	-0.0445008
-0.87107	0.0136554
-0.882197	0.12742
-0.821145	-0.137015
-1.01045	-0.280221
-0.877147	-0.0456033
-0.804345	-0.00192103
-0.829712	0.149774
-0.81937	-0.0341942
-0.832126	-0.251529
-0.920713	-0.29276
-0.815517	-0.192441
-0.832996	-0.203844
-0.750359	-0.0686642
-0.631117	-0.106419
-0.881605	0.065532
-0.520409	-0.0163587
-0.671472	-0.245181
-0.730981	-0.262087
-0.405125	-0.20951
-0.804197	-0.576987
-0.891789	-0.2712
-0.792591	-0.304147
-0.799112	-0.387147
-0.746812	-0.253811
-0.825843	-0.344565
-0.687886	-0.334195
-0.500236	-0.238633
-0.690843	-0.261576
-1.05454	-0.125299
-0.191119	-0.349248
-0.322127	-0.474096
-0.49613	-0.263866
-0.344498	-0.607633
-0.572078	-0.337898
-0.68243	-0.406426
-0.459252	-0.420588
-0.362225	-0.281936
-0.455793	-0.228082
-0.446736	-0.200137
-0.400483	-0.219873
-0.338045	-0.0763601
-0.301465	-0.0686849
-0.202516	-0.00498467
-0.142281	-0.0588397
-0.397024	-0.0454978
-0.460056	-0.136526
-0.666743	0.0211373
-0.763599	-0.074043
-0.385978	-0.280667
-0.013365	0.117964
-0.0385961	0.0746172
-0.18323	0.337592
-0.223396	0.525747
-0.203502	0.259819
-0.410043	0.337491
-0.367563	0.201274
-0.409084	0.238802
-0.297763	0.0853782
-0.298433	-0.0165227
-0.206769	-0.295024
0.201137	-0.220781
0.307378	-0.113415
0.0314431	0.0210841
0.00785278	-0.0685956
-0.0795608	-0.253743
-0.234692	0.00506186
-0.47874	0.128589
-0.0585784	0.237364
-0.100503	0.354264
-0.38866	0.498277
-0.401018	0.513307
-0.432345	0.500729
-0.281148	0.36183
0.0451974	0.416194
0.188583	0.325258
0.241536	0.239097
0.190666	0.235496
0.20995	0.147163
0.173045	0.141421
0.169982	0.151294
0.0115083	0.176311
-0.325047	0.123953
-0.357837	0.148632
-0.381401	0.134934
-0.371893	0.0713555
-0.423811	0.158805
-0.410451	0.169712
-0.693594	0.33231
-0.809932	0.237605
-0.865239	0.502082
-0.857063	0.78542
-0.742125	0.834579
-0.608662	0.935374
-0.547687	0.953783
-0.467337	0.860464
-0.42912	0.841039
-0.416052	0.800621
-0.352369	0.735985
-0.281061	0.620433
-0.317564	0.475859
-0.223227	0.401819
-0.24577	0.326379
-0.536014	0.437848
-0.418476	0.350983
-0.354817	0.359923
-0.470206	0.475025
-0.446808	0.627625
-0.130349	0.67571
-0.0317253	0.62813
-0.258497	0.109468
-0.661128	-0.297666
-0.346184	-0.212928
-0.310313	-0.0618625
-0.390427	-0.175555
-0.330972	-0.0764876
-0.293295	-0.299112
-0.0795885	-0.102683
-0.289611	-0.217964
-0.63777	-0.267559
-0.716114	-0.0890918
-0.745829	-0.087499
-0.583253	-0.326104
-0.617065	-0.233704
-0.776845	-0.0816487
-0.818293	-0.198327
-0.937468	-0.186937
-0.895434	-0.132675
-0.926554	-0.197382
-1.05143	-0.0613136
-1.00745	-0.146349
-0.935539	-0.398439
-1.17905	-0.104191
-1.14748	-0.0282484
-0.976729	0.0220353
-0.821546	0.0491081
-0.576518	0.30902
-0.712046	0.324168
-0.633379	0.328828
-0.482034	0.274401
-0.276055	0.0729308
-0.412549	-0.0499576
-0.436456	-0.0470234
-0.446155	-0.103229
-0.411338	-0.116485
-0.372039	-0.121226
-0.302557	-0.129525
-0.139098	-0.0748106
-0.0350535	-0.150472
-0.0440333	-0.163383
-0.262045	-0.145418
-0.599644	-0.244241
-0.492021	-0.34643
-0.649204	-0.391793
-0.349938	-0.315778
-0.365093	-0.0527248
-0.495988	-0.233415
-0.605929	-0.29047
-0.58611	-0.307894
-0.778405	-0.109095
-0.869734	-0.158484
-0.258916	-0.105365
-0.384244	-0.0963126
-0.581608	-0.184973
-0.744915	-0.212344
-0.622186	-0.31143
-0.629123	-0.399781
-0.610944	-0.397796
-0.647796	-0.363797
-0.596839	-0.386333
-0.549271	-0.316281
-0.484906	-0.276087
-0.244849	-0.154942
-0.0815593	0.0732666
-0.223595	-0.188462
-0.283745	-0.182048
-0.575243	-0.251329
-0.470813	-0.123878
-0.280558	-0.0230465
-0.296748	0.40246
-0.540546	0.429909
-0.356947	0.234767
-0.334535	0.146325
-0.410111	0.140419
-0.466102	0.185136
-0.405383	0.247161
-0.450392	0.120108
-0.64981	0.192815
-0.538336	0.351808
-0.526629	0.367109
-0.618691	0.505192
-0.51232	0.529393
-0.395501	0.654932
-0.115146	0.667255
0.168247	0.559741
0.174777	0.501853
0.0195792	0.499779
0.259884	0.364465
0.140122	0.298416
0.123676	0.440061
-0.0199747	0.685517
-0.361766	0.358567
-0.202687	0.00449956
-0.0251647	-0.300779
-0.263721	-0.30702
-0.299258	0.226785
-0.251593	0.465013
-0.584634	0.348484
-0.631228	0.265775
-0.637732	0.251792
-0.446027	0.358427
-0.321253	0.0624104
-0.498209	-0.0468892
-0.61096	-0.146043
-0.537173	0.0875113
-0.560121	0.0661851
-0.0177554	-0.877738
-0.330044	-0.671417
-0.588242	-0.660297
-0.886934	-0.422106
-0.992856	-0.487382
-0.804186	-0.243949
-0.87652	-0.308516
-0.580028	-0.364229
-0.852004	-0.147915
-1.07072	0.0158071
-0.888141	0.422091
-0.682784	0.906045
-0.511108	0.81591
-0.471746	0.756891
-0.413999	0.749978
-0.397548	0.658716
-0.388992	0.56609
-0.389079	0.433923
-0.345574	0.451238
-0.585332	0.283577
-0.708041	0.146275
-0.579359	-0.0589189
-0.663114	-0.131071
-0.490544	-0.195278
-0.467498	-0.289027
-0.270026	-0.0552905
-0.295559	0.114938
-0.108906	0.167166
-0.154832	0.334359
-0.185631	0.41946
-0.155732	0.434247
-0.133566	0.484386
0.00613108	0.469748
-0.114563	0.594042
-0.0379261	0.522433
-0.141588	0.611649
-0.20871	0.627094
-0.25581	0.670374
-0.294969	0.746653
-0.267429	0.826503
-0.14876	0.757246
0.0986544	0.483256
0.343622	0.646063
0.250078	0.311159
-0.0440114	0.388731
-0.255189	0.0263428
-0.140678	0.379591
-0.0296949	0.359088
0.0382618	0.52982
-0.0611454	0.753448
0.0114458	0.762054
0.010833	0.933473
-0.0611821	0.888989
0.00848085	0.757999
0.0601243	0.860139
0.0669201	0.826514
0.222277	0.351106
0.0932629	0.314499
-0.0478643	0.326126
-0.0156164	0.208397
-0.411123	0.0636335
-0.407294	-0.0421995
-0.337069	-0.256721
-0.410786	-0.0807855
-0.820187	-0.230195
-0.807401	-0.19434
-0.750908	-0.230302
-0.673078	0.121369
-0.5921	0.130784
-0.470434	0.0789573
-0.56387	0.128847
-0.559275	0.0800162
-0.733943	-0.0848302
-0.516939	-0.0918163
-0.761136	-0.221943
-0.707268	-0.216231
-0.805655	-0.225963
-0.710139	-0.261218
-0.883051	-0.482172
-0.818959	-0.4357
-0.985517	-0.15497
-0.941049	-0.37442
-0.796358	-0.406115
-0.918249	-0.332477
-0.763926	-0.331159
-0.795584	-0.293502
-0.64396	-0.379826
-0.46059	-0.303913
-0.48257	-0.20825
-0.225098	0.137058
-0.210394	0.169424
-0.429932	0.0984918
-0.400036	0.119497
-0.331835	0.107829
-0.439103	0.179227
-0.344143	0.163093
-0.307246	0.263002
-0.28085	0.341774
-0.315226	0.399814
-0.314646	0.425718
-0.311082	0.400142
-0.296798	0.392401
-0.310677	0.434961
-0.268571	0.406484
-0.370508	0.446407
-0.253971	0.50128
-0.170711	0.47029
-0.180427	0.453259
-0.100089	0.387309
-0.110891	0.143304
-0.20876	0.263849
-0.279259	0.388965
-0.75599	0.41487
-0.720026	0.450895
-0.673415	0.466127
-0.681086	0.581091
-0.637209	0.583205
-0.6537	0.662413
-0.617957	0.543975
-0.724719	0.673199
-0.681049	0.645438
-0.718041	0.69657
-0.714177	0.698656
-0.732915	0.715219
-0.71086	0.69158
-0.769342	0.684348
-0.849893	0.576467
-0.954168	0.353125
-0.878899	0.156052
-0.510289	0.157518
-0.610239	0.262358
-0.491449	0.0973689
-0.48349	0.326957
-0.488565	0.420557
-0.492327	0.215871
-0.457118	0.122486
-0.581805	0.173268
-0.652466	0.142507
-0.616837	-0.0156038
-0.625277	-0.158866
-0.763251	-0.191421
-0.806751	-0.235587
-0.736245	-0.31616
-0.938394	-0.166104
-0.764123	-0.241981
-0.748516	-0.251894
-0.916911	-0.199909
-0.887873	-0.162538
-0.903341	-0.200937
-1.0116	-0.183223
-0.966855	-0.224685
-1.00321	-0.174036
-0.874726	-0.180673
-0.862472	-0.102475
-0.836312	0.01242
-0.662749	0.115338
-0.492263	0.32278
-0.313929	0.29862
-0.212896	0.266558
-0.108446	0.325228
-0.48142	0.778302
-0.738782	0.207103
-0.794975	0.0329465
-0.847824	-0.100073
-0.887131	-0.104208
-0.908256	-0.0620716
-0.882548	-0.0916084
-0.860401	-0.0909411
-0.879278	0.000980839
-0.891391	0.0245739
-0.892995	0.15803
-0.790189	0.159235
-0.510402	0.124337
-0.427516	0.141714
-0.396625	0.188008
-0.273108	0.152278
-0.173956	0.192673
-0.305293	0.230653
-0.291331	0.107132
-0.200084	0.0225951
-0.295264	0.224907
-0.517825	0.472195
-0.51295	0.780238
-0.341429	0.929469
-0.293047	0.972315
-0.248605	0.938086
-0.376022	0.955468
-0.392155	0.89081
-0.36851	0.796705
-0.402628	0.701363
-0.438243	0.626793
-0.444608	0.537089
-0.415295	0.319101
0.130018	0.0948717
0.444363	0.139602
0.493139	-0.09123
0.316561	-0.0820054
0.304817	-0.138253
0.140006	-0.208692
0.0111708	-0.34574
-0.0244338	-0.29632
-0.0543067	-0.0436697
-0.176535	0.0347944
-0.533329	0.0229149
-0.403061	-0.0576779
-0.561445	-0.00389666
-0.398511	-0.0351358
-0.459431	-0.105598
-0.348032	-0.27256
-0.718731	0.0403283
-0.315246	0.360143
-0.390336	0.296349
-0.258456	0.187923
-0.160858	0.218249
-0.136821	0.259584
-0.18296	0.27735
-0.525835	0.294534
-0.443067	0.206966
-0.473046	0.217044
-0.473337	0.162432
-0.530226	0.168664
-0.501984	0.221927
-0.549426	0.066168
-0.733203	-0.0643017
-0.862493	0.000509455
-0.885118	0.0993222
-0.949719	0.233465
-1.06065	0.40007
-0.95864	0.507512
-0.894249	0.689003
-0.583578	0.772402
-0.278048	0.709403
0.172567	0.513973
-0.181995	0.472126
0.00158297	0.203818
0.0445904	0.21801
0.0716197	0.212717
0.0730408	0.243668
-0.264535	0.317483
-0.205801	0.105819
-0.242058	-0.210836
-0.184172	0.0335741
-0.0796358	0.452477
-0.339208	0.568244
-0.445177	0.626293
-0.5466	0.60197
-0.566234	0.557143
-0.644152	0.545098
-0.636316	0.603486
-0.202906	0.52014
-0.385297	0.813658
-0.401048	0.770964
-0.530978	0.37758
-0.844909	0.297974
-0.390603	0.0965343
-0.602307	0.138502
-0.749923	0.234691
-0.843657	0.358451
-0.792139	0.384635
-0.69168	0.267416
-0.786968	0.181478
-0.770333	0.249933
-0.844239	0.470239
-0.734945	0.270491
-0.648399	0.393628
-0.742269	0.345432
-0.414689	0.692274
0.128706	0.867946
-0.156112	1.01363
-0.170077	1.21263
-0.112947	0.967741
-0.24457	1.0992
-0.207407	1.07689
-0.205222	0.965861
-0.262037	1.09112
-0.2426	1.02673
-0.159365	0.965131
-0.181937	0.929992
-0.253583	1.02874
-0.330187	0.883539
-0.126566	0.716838
-0.515263	0.508931
-0.465558	0.380059
-0.849395	0.646334
-0.815241	0.356097
-0.975591	0.391444
-0.610148	0.116856
-0.626166	0.106471
-0.70525	0.121962
-0.589397	-0.0224997
-0.73051	-0.243667
-0.723858	-0.272383
-0.874836	-0.180114
-0.69842	-0.142323
-1.0002	-0.307871
-0.826683	-0.125106
-0.628562	-0.229935
-0.956624	-0.412444
-0.81805	-0.107054
-1.06129	-0.0601286
-0.919031	-0.229652
-0.887886	-0.198436
-0.806743	-0.116293
-0.343342	0.0933721
0.151431	0.508993
0.0824426	0.532393
0.240645	0.523201
0.36164	0.588297
0.128364	0.245759
0.112282	-0.102171
-0.121645	-0.0825474
-0.0400915	-0.117179
-0.211309	-0.121185
0.00639401	0.0421623
0.0953188	-0.0746594
-0.0755072	-0.04585
-0.0797456	-0.115564
-0.408552	-0.190736
-0.491138	-0.185929
-0.694064	-0.135835
-0.785391	-0.0627875
-0.729575	-0.0228094
-0.622819	0.102113
-0.514384	0.45657
-0.495602	0.424176
-0.702153	0.338762
-0.44134	0.159523
-0.347187	-0.0298069
-0.307945	-0.0329098
-0.233549	-0.0111304
-0.222947	-0.0161568
-0.103264	-0.0652191
0.00320519	-0.0104773
-0.410487	0.257206
-0.643851	0.195643
-0.527511	0.114093
-0.399069	-0.0608424
-0.770007	-0.310805
-0.655864	-0.326091
-0.659051	-0.0934373
-0.468837	-0.269857
-0.427493	-0.376895
-0.313834	-0.0713581
-0.608312	-0.151185
-0.711592	-0.241715
-0.823012	-0.262057
-0.900068	-0.245951
-0.917153	-0.269993
-0.959823	-0.315234
-0.945469	-0.318381
-0.933025	-0.259604
-0.88121	-0.228659
-0.836342	-0.136055
-0.623523	-0.185817
-0.471678	-0.0414691
-0.357234	0.130924
-0.598113	0.0880132
-0.595295	-0.0723461
-0.477112	0.132559
-0.31336	0.418953
-0.213711	0.37459
-0.101144	0.527098
-0.306199	0.422907
-0.410309	0.331256
-0.344669	2.13717e-05
-0.312179	-0.0945876
-0.533773	0.180857
-0.557216	0.34746
-0.499625	0.451804
-0.406536	0.395514
-0.371507	0.303963
-0.345134	0.269158
-0.296644	0.197215
-0.30874	0.196032
-0.150742	0.15417
-0.425279	0.0310401
-0.730971	-0.176186
-0.86255	-0.430671
-0.867117	-0.552167
-0.504933	-0.186456
-0.361223	0.13909
-0.441552	0.0494617
-0.49154	0.213401
-0.538427	0.0893935
-0.666885	0.0289257
-0.742037	-0.0512422
-0.765593	0.00725685
-0.570247	0.329448
-0.709545	0.0690949
-0.943119	0.0524756
-1.03976	-0.0653907
-1.02907	-0.0686842
-1.05757	-0.0478657
-0.941201	-0.1545
-0.82427	-0.200903
-0.804165	-0.211835
-0.635591	-0.310266
-0.456634	-0.261733
-0.571662	0.122198
-0.727242	0.333597
-0.627158	0.381173
-0.631822	0.363733
-0.575079	0.542022
-0.437772	0.63565
-0.565674	0.606695
-0.366021	0.353212
-0.176548	0.490813
0.0558948	0.149447
-0.00784026	-0.0426832
-0.112907	-0.167687
-0.116408	-0.151027
-0.0204425	-0.303195
0.0969688	-0.316101
0.194065	-0.351583
0.249179	-0.347361
0.313685	-0.261419
0.288539	-0.146796
0.352876	-0.0330869
0.522683	0.0569491
0.477824	0.116335
0.235321	0.30496
-0.00581055	0.295659
-0.0125464	0.405378
-0.134673	0.483764
-0.0562691	0.284029
-0.216706	0.497426
-0.237368	0.475858
-0.150281	0.435587
-0.167315	0.487202
-0.137979	0.443221
-0.188866	0.48171
-0.0103178	0.507288
0.137869	0.551937
0.132085	0.625224
0.0821455	0.605367
0.0370229	0.519364
-0.0483733	0.520117
-0.219781	0.587239
-0.0560081	0.338582
-0.249383	0.317567
-0.444687	0.18811
-0.626188	0.200148
-0.655877	0.249692
-0.828404	0.354863
-0.365006	0.602428
-0.202638	0.447416
-0.0718271	0.58392
-0.212287	0.408579
-0.22828	0.541535
-0.271516	0.598235
-0.215283	0.409324
-0.397557	0.608339
-0.432159	0.469873
-0.501341	0.361202
-0.451677	0.232401
-0.439461	0.0376297
-0.757572	-0.0273452
-0.645188	-0.0499681
-0.768277	-0.235438
-1.00891	-0.335474
-0.866565	-0.1351
-1.02247	-0.248072
-0.83426	-0.312741
-0.809327	-0.234428
-0.872284	-0.262835
-0.520199	-0.381527
-0.47068	-0.432312
-0.891618	-0.459556
-0.880685	-0.536927
-0.840852	-0.582659
-0.603454	-0.255447
-0.620452	-0.188699
-0.502989	-0.282451
-0.541288	-0.215418
-0.619477	-0.268594
-0.518398	-0.10056
-0.213766	-0.124588
-0.230769	-0.233849
-0.444597	-0.4155
-0.767258	-0.296908
-0.678217	-0.382061
-0.558835	-0.408191
-0.451434	-0.278698
-0.475431	-0.164203
-0.357802	-0.110295
-0.231515	-0.106372
-0.427665	-0.105661
-0.54142	-0.0242581
-0.757158	0.131986
-0.802849	0.143452
-0.78918	0.0658654
-0.729744	0.0478791
-0.883888	0.106211
-0.908705	0.188048
-0.918019	0.177544
-0.925379	0.251499
-0.926501	0.206741
-0.893875	0.210598
-0.952374	0.2258
-0.938202	0.201394
-0.847064	0.14137
-0.870461	0.103708
-0.879129	0.0733555
-0.89908	0.0580598
-1.00998	0.122098
-1.0241	0.109222
-0.874337	-0.0273086
-0.720365	0.0986535
-0.708811	0.181003
-1.00107	0.418815
-0.852955	0.481613
-0.781272	0.470672
-0.676681	0.494802
-0.507628	0.500919
-0.393466	0.384245
-0.417483	0.349311
-0.386114	0.150361
-0.994507	-0.309359
-0.61702	-0.0238724
-0.919459	-0.0183889
-0.932196	-0.0306029
-0.80587	-0.124639
-0.882693	0.0494187
-0.845948	0.0159081
-0.733005	0.127703
-0.509987	0.216054
-0.134772	0.451439
0.362659	0.414056
0.218975	0.372312
-0.140024	0.538856
-0.132516	0.384754
-0.293747	0.400098
-0.196262	0.609731
-0.227076	0.832767
-0.281962	0.716956
-0.23322	0.64021
-0.315771	0.602027
-0.361625	0.571092
-0.395096	0.562927
-0.45711	0.535938
-0.437944	0.498669
-0.539594	0.445801
-0.0528931	0.481916
-0.309079	0.554731
-0.498031	0.240842
-0.522461	-0.114995
-0.569787	-0.464212
-0.63122	-0.357024
-0.744419	-0.471192
-0.700253	-0.399052
-0.644223	-0.278333
-0.608447	-0.0533174
-0.57425	-0.286145
-0.457071	-0.411316
-0.610247	-0.141487
-0.363455	-0.159184
-0.525489	-0.110192
-0.396942	0.0269671
-0.135853	0.190677
-0.484141	0.056711
-0.33707	0.033132
-0.46649	0.202425
-0.447645	0.320171
-0.747283	0.258332
-0.816353	0.186256
-0.869588	0.0823086
-0.85547	-0.059287
-0.939649	-0.127865
-0.993463	-0.14676
-1.01609	-0.198266
-0.917167	-0.199146
-0.934687	-0.193066
-0.9094	-0.172028
-0.98841	-0.0767328
-0.849632	-0.150733
-0.480387	-0.211439
-0.454611	0.0392383
-0.320811	0.197176
-0.222351	0.0899204
-0.639167	-0.0612538
-0.603002	-0.170089
-0.434833	-0.252967
-0.538368	-0.252767
-0.499646	-0.025531
-0.387758	-0.201258
-0.509486	-0.255906
-0.503328	-0.13948
-0.673473	-0.287169
-0.58003	-0.16661
-0.563274	0.00892179
-0.352236	0.256613
-0.305685	0.420216
-0.0981412	0.38344
-0.0756044	0.384776
-0.174414	0.506572
-0.0556405	0.25512
-0.0399607	0.227746
-0.0355448	0.0732071
0.0227287	0.147917
-0.0130245	0.287837
-0.138145	0.224532
-0.241218	0.273058
-0.220266	0.352543
-0.34933	0.583326
-0.275521	1.02033
-0.138861	1.11451
-0.0133022	1.12532
-0.00520042	1.15594
0.0732688	1.21475
0.0988508	1.14874
0.0753847	0.956088
-0.131497	0.970587
0.00142746	0.677587
-0.0747588	0.495159
-0.199537	0.544746
-0.214332	-0.0444527
-0.312422	-0.117731
-0.00638611	-0.371177
-0.0777567	-0.174672
-0.0297538	0.380017
-0.349676	0.366302
-0.470422	0.241851
-0.525986	0.197751
-0.546366	0.144827
-0.480286	0.0949547
-0.391063	0.0417162
-0.22807	-0.0103443
0.0464301	-0.0952188
-0.0558169	0.0459893
-0.155423	-0.0405724
-0.0956666	0.100168
-0.0575018	0.0740285
0.258857	-0.167281
0.205219	-0.105573
0.146308	-0.0331451
0.0866052	0.0745346
0.00211221	0.128966
-0.137153	0.153128
-0.306154	0.211242
-0.469433	0.379967
-0.756925	0.539269
-0.738881	0.485723
-0.0250896	0.473924
0.125072	0.309838
0.152157	0.229427
0.150574	0.231543
0.193283	0.309698
0.193492	0.245886
-0.162091	-0.00290993
0.138276	0.0879008
0.0467334	-0.341815
-0.303436	-0.292463
-0.135532	-0.091435
-0.0202292	0.0538204
-0.238907	0.153473
-0.413715	0.0864994
-0.560799	0.0754206
-0.717165	0.137298
-0.826713	0.124291
-0.861735	0.136447
-0.831684	0.0983463
-0.782919	0.154402
-0.756791	0.25083
-0.719697	0.281986
-0.552313	0.321357
-0.273015	0.341094
-0.312554	0.196931
-0.246115	0.201706
-0.277034	-0.0611851
-0.358877	-0.076123
-0.498583	-0.134899
-0.544608	-0.165082
-0.523927	-0.236956
-0.406956	-0.280525
-0.289502	-0.356189
-0.281591	-0.359842
-0.317489	-0.24992
-0.198867	-0.188698
-0.14677	-0.118622
-0.058323	-0.193954
-0.0394766	0.197797
-0.0998184	0.355256
0.0634793	-0.0333705
-0.0838151	-0.152827
-0.193592	-0.292112
-0.334734	-0.285332
-0.384175	-0.259192
-0.463443	-0.320764
-0.442123	-0.306183
-0.519969	-0.341221
-0.409428	-0.230323
-0.348323	-0.176055
-0.290247	-0.0985347
-0.23128	-0.141492
-0.0963209	-0.00868715
-0.19352	0.102968
-0.153357	0.247859
0.102254	0.0919417
0.129501	0.222103
0.187367	0.334295
0.0431025	0.201899
0.00843386	0.128844
-0.115861	0.131038
-0.11983	0.101901
-0.362817	-0.00705318
-0.390715	-0.169238
-0.51967	-0.0384266
-0.0234793	0.166305
0.215079	0.268466
0.395686	0.31407
0.375519	0.422303
0.320266	0.488555
0.166462	0.557046
-0.0607979	0.610197
-0.222218	0.523318
-0.331761	0.286799
-0.315456	0.0617868
-0.388881	0.328865
-0.56002	0.490124
-0.4248	0.431463
-0.478143	0.525887
-0.614543	0.600468
-0.526884	0.456671
-0.462579	0.418268
-0.396393	0.502567
-0.0442583	0.448546
-0.0650543	0.494693
-0.268677	0.27624
-0.644086	-0.368956
-0.874869	-0.249898
-1.24047	-0.080904
-1.18609	0.36683
-0.747419	0.471743
-0.621606	0.408381
-0.400012	0.414571
-0.364772	0.332413
-0.264087	0.444068
-0.251733	0.0358625
-0.220418	-0.00269604
-0.370927	0.0027302
-0.385503	-0.00376569
-0.497413	0.10172
-0.540242	-0.0446516
-0.541696	-0.0701357
-0.404886	0.0133562
-0.738761	0.150726
-0.862872	0.27554
-0.584002	0.170673
-0.778029	-0.0133054
-0.573603	-0.245879
-0.652397	-0.29023
-0.587806	-0.174318
-0.754324	-0.173507
-0.895781	-0.227326
-1.04798	-0.507108
-0.827064	-0.538953
-0.672084	-0.561126
-0.618274	-0.651853
-0.512442	-0.702667
-0.452909	-0.682162
-0.359084	-0.739864
-0.269936	-0.996601
-0.0506365	-0.818741
0.0283364	-0.783336
0.0061433	-0.642897
0.0264282	-0.555236
-0.0786863	-0.407043
0.177292	-0.575862
-0.00128128	-0.457136
-0.243086	-0.283528
-0.383066	-0.175791
-0.588934	0.0500108
-0.618217	0.0972135
-0.841802	0.175245
-0.875543	0.0726452
-0.748823	0.0923148
-0.539525	0.11524
-0.632345	0.275715
-0.55886	0.445612
-0.670545	0.48524
-0.817507	0.31241
-1.04634	0.335808
-1.02505	0.248584
-0.850782	0.142948
-0.810391	0.083932
-0.696962	0.0262972
-0.534748	-0.0551764
-0.482168	-0.0722309
-0.358233	-0.0745804
-0.144355	-0.0833819
-0.102654	0.0145354
-0.100306	0.0588709
-0.314133	0.0756091
-0.157943	0.152053
-0.221903	0.124704
-0.190736	0.119318
-0.00571193	0.25433
0.196386	0.21464
0.0529536	0.284069
0.0379391	0.258893
-0.0652905	0.351166
0.0632771	0.27636
0.0608709	0.303275
-0.0259445	0.305804
0.1534	0.431197
0.106457	0.461497
0.236736	0.310755
0.29555	0.395486
0.228116	0.325273
0.236082	0.289399
0.289835	0.263865
0.235951	0.143051
0.207025	0.105796
0.14053	0.156988
-0.164404	0.201358
-0.117182	0.0942011
-0.341425	-0.0425034
0.116419	-0.00872022
-0.0836808	-0.119006
-0.231382	-0.0567822
-0.151305	-0.238992
-0.0428144	-0.112094
-0.570742	-0.102681
-0.39499	0.00232811
-0.408666	-0.0599921
-0.398558	-0.287123
-0.454645	-0.144193
-0.46968	-0.190405
-0.454757	0.0721635
-0.194505	0.389187
-0.398192	0.701477
-0.0475417	0.727427
0.107065	0.620819
-0.216047	0.615155
-0.184146	0.527548
-0.184035	0.609559
-0.208617	0.278475
-0.469616	0.692883
-0.36081	0.449572
-0.764787	0.637743
-0.493087	0.455539
-0.542834	0.543671
-0.28291	0.0914842
-0.533193	-0.0312716
-0.605015	-0.171168
-0.773866	-0.0058312
-0.764918	-0.180509
-0.631001	-0.0339131
-0.646584	-0.0251155
-0.349835	-0.169345
-0.26163	-0.112615
-0.478829	-0.138075
-0.419324	-0.104054
-0.573404	-0.0889437
-0.654554	-0.293763
-0.785892	-0.457205
-0.671506	-0.303489
-0.610619	-0.379537
-0.609646	-0.275947
-0.704509	-0.228048
-0.925101	-0.504939
-0.686908	-0.240811
-0.373027	0.116601
-0.199938	0.217877
-0.332851	0.298238
-0.37751	0.531256
-0.222478	0.165147
-0.161589	0.222733
0.235426	0.0677468
-0.473397	-0.305443
-0.652997	-0.431685
-0.720138	-0.514374
-0.943968	-0.367255
-1.11394	-0.0636122
-1.14998	0.102941
-1.07925	0.32577
-1.03168	0.471349
-0.598966	0.231069
-0.692739	0.119608
-0.808657	-0.172777
-0.745433	-0.181124
-0.718392	-0.269341
-0.736589	-0.223186
-0.640298	-0.355585
-0.535577	-0.171147
-0.13217	-0.266929
-0.135461	-0.477142
-0.202738	-0.156551
-0.179613	0.0825843
-0.0436327	-0.12243
-0.371854	-0.136755
-0.615109	-0.221427
-0.584204	-0.210974
-0.685143	-0.309027
-0.672366	-0.257583
-0.637648	-0.21828
-0.670894	-0.31358
-0.110598	-0.0750598
-0.000371265	-0.256752
-0.0950675	-0.0630203
-0.310751	-0.16146
-0.393935	-0.164448
-0.334139	-0.199078
-0.215139	-0.209046
-0.370422	-0.179002
-0.0492248	-0.175053
-0.14788	-0.00794208
-0.28423	-0.0500571
-0.428732	-0.479278
-0.277328	-0.449636
-0.237586	-0.449621
-0.402057	-0.383243
-0.613395	-0.351831
-0.527347	-0.339933
-0.541804	-0.453713
-0.759438	-0.399971
-0.442183	-0.258046
-0.0806139	-0.0667017
-0.407818	-0.113438
-0.591055	-0.165342
-0.678924	-0.133652
-0.711032	-0.199635
-0.803031	-0.240936
-0.780768	-0.302182
-0.781538	-0.320556
-0.792929	-0.315721
-0.781259	-0.231498
-0.880693	-0.0867022
-0.926788	-0.0282186
-0.499124	0.071153
-0.358079	0.313524
-0.363426	-0.0674554
-0.712606	-0.0347247
-0.753301	-0.0829263
-0.589524	-0.205873
-0.608267	-0.42825
-0.601178	-0.148281
-0.615472	-0.10952
-0.299379	-0.152273
-0.242648	0.174757
-0.250685	0.152776
-0.278303	0.075889
-0.195274	0.107496
-0.372421	0.282934
-0.550063	0.385411
-0.519603	0.312581
-0.409025	0.207192
-0.48324	0.276913
-0.481297	0.230579
-0.567859	0.266469
-0.520246	0.0833152
-0.762381	0.289553
-0.451374	0.436187
0.00434529	0.432539
0.135705	-0.0165393
0.000998765	-0.00159336
-0.345162	0.0702173
-0.362462	0.00827543
-0.273949	-0.0317683
-0.505495	-0.14147
-0.45785	0.200698
-0.445928	0.285534
-0.0151009	0.549467
-0.220689	0.63514
-0.29391	0.569244
-0.376085	0.504846
-0.386997	0.495216
-0.152099	0.560171
-0.0808001	0.559318
-0.194374	0.925603
-0.125217	1.08024
-0.0598714	1.2066
-0.000794151	1.26815
0.00590441	1.26738
-0.046445	1.20649
-0.227403	1.11022
-0.0934946	0.759744
0.0927916	0.525031
-0.0763465	0.6044
0.0362431	0.58603
-0.0723586	0.644276
-0.163469	0.627208
-0.0509674	0.416013
-0.157309	0.134665
-0.395184	-0.2452
-0.436556	-0.144217
-0.320134	-0.133059
-0.188744	0.201503
-0.286464	0.179588
-0.294504	0.0109353
-0.285473	-0.0946945
-0.251232	-0.146527
-0.212861	-0.133363
-0.168367	-0.0603423
-0.12001	0.0404766
-0.139029	0.117485
-0.268369	0.181846
-0.247839	0.219081
-0.195714	0.207026
-0.217433	0.225766
-0.163297	0.228176
-0.126632	0.28971
-0.103067	0.333328
-0.100384	0.37559
-0.135299	0.338223
-0.113229	0.370056
0.0177877	0.484277
0.194116	0.398888
0.396751	0.2122
0.471738	0.0849753
0.750081	-0.0107182
0.68572	-0.0786359
0.540955	-0.112581
0.35241	-0.213717
-0.0520465	-0.222966
-0.24759	-0.377846
-0.31442	-0.32437
-0.326077	-0.432487
-0.418178	-0.539836
-0.494043	-0.513549
-0.30012	-0.551619
-0.470139	-0.436729
-0.388803	-0.353575
-0.448161	-0.243304
-0.692846	-0.406894
-0.792123	-0.459817
-0.526208	-0.256397
-0.506791	-0.355147
-0.790807	-0.377669
-0.634997	-0.298491
-0.570039	-0.254397
-0.594825	-0.310916
-0.664553	-0.258101
-0.732839	-0.654839
-0.710677	-0.298535
-0.470632	-0.325841
-0.446072	0.0973141
-0.624619	-0.0471862
-0.718761	-0.0596585
-0.783391	-0.00598761
-0.777513	0.12598
-0.796075	0.410916
-0.743092	0.678186
-0.592625	0.830352
-0.416852	0.945203
-0.353488	0.978513
-0.247698	1.05653
-0.17495	0.947043
-0.111683	0.980513
-0.117201	0.882129
-0.233882	0.834218
-0.400987	0.870183
-0.583836	0.936032
-0.728218	0.920512
-0.804646	0.804183
-0.90569	0.611317
-1.00414	0.408047
-0.990765	0.153728
-0.882542	-0.103071
-0.746677	-0.275032
-0.776515	-0.37833
-0.722179	-0.47715
-0.692821	-0.536132
-0.661461	-0.564655
-0.656414	-0.503239
-0.571044	-0.514254
-0.457636	-0.445526
-0.296818	-0.368244
-0.145769	-0.267921
0.0347017	-0.11371
0.107873	0.0395998
0.110213	0.0892684
0.003081	0.139426
0.115957	0.289157
0.00289959	0.459814
-0.160749	0.614658
-0.0637747	0.645174
-0.0643204	0.506657
-0.116103	0.658364
-0.158965	0.663162
-0.145036	0.6672
-0.0902696	0.640278
-0.151327	0.65479
-0.181068	0.653831
-0.166924	0.722619
-0.441162	0.69875
0.0923733	-0.130117
-0.0540928	-0.040896
-0.451365	0.0875113
-0.898001	0.356419
-1.17894	0.481233
-1.00755	0.468247
-0.908304	0.40269
-1.01934	0.549047
-0.95161	0.465022
-0.807068	0.244538
-0.72886	0.0911803
-0.627388	-0.0433483
-0.467891	-0.128484
-0.276956	-0.156683
-0.028197	-0.0291591
0.171877	0.123491
0.3269	0.15884
0.0146942	0.27813
-0.302245	0.3138
-0.320462	0.305164
-0.430028	0.18999
-0.523606	0.0513917
-0.641306	-0.333362
-0.818459	0.346239
-0.855529	0.0730849
-1.07496	-0.336583
-0.751453	-0.0474405
-0.797814	0.109238
-0.800596	-0.0585911
-0.875494	0.0169041
-0.787852	0.185795
-0.648423	0.358747
-0.462485	0.596531
-0.214543	0.374122
-0.179824	0.288885
-0.0169064	0.261581
-0.0735308	0.404892
-0.0279513	0.264312
-0.222698	0.368094
-0.14461	0.403318
-0.238042	0.575682
-0.330263	0.719803
-0.35902	0.638435
-0.165747	0.571339
-0.0576194	0.482535
0.189562	0.298861
0.144698	0.0663246
0.090149	-0.182214
-0.187951	-0.429229
-0.483999	-0.46454
-0.701334	-0.464356
-0.744767	-0.456628
-0.849524	-0.340538
-0.92822	-0.231855
-0.989534	-0.102043
-1.03179	0.0176479
-0.940876	0.00119214
-1.06397	0.140302
-0.492194	0.0381502
-0.718102	-0.00951893
-0.501342	-0.048176
-0.61563	0.0560244
-0.625201	-0.0278071
-0.597568	0.140781
-0.672927	0.329425
-0.550776	0.151321
-0.643405	0.201081
-0.688951	0.200973
-0.647851	0.0746065
-0.568417	0.176222
-0.49425	0.173656
-0.398625	0.234165
-0.407538	0.195099
-0.306394	0.136459
-0.335728	0.100078
-0.152631	0.0669146
-0.293552	0.158624
-0.257926	0.215117
-0.207829	0.172562
-0.232503	0.304845
-0.00613272	0.307376
0.202114	0.150013
0.293615	0.176341
0.290853	0.188966
0.317492	-0.069974
0.0165936	-0.14434
-0.205265	-0.166845
-0.358339	-0.115244
-0.432495	-0.0744893
-0.545652	0.0238104
-0.80473	0.146875
-0.784581	0.366401
-1.52421	0.19194
-1.07577	0.226647
-0.795183	0.0518422
-1.06193	0.367997
-1.05337	0.343959
-1.23177	0.520422
-1.0414	0.357259
-1.07602	0.355147
-1.02845	0.343612
-0.932994	0.3988
-0.922082	0.40463
-0.81232	0.372055
-0.812927	0.363052
-0.804261	0.265959
-0.859505	0.225688
-0.688001	-0.120362
-0.363864	-0.201458
-0.190433	-0.135258
-0.0686079	-0.13134
0.179951	-0.203616
0.381989	-0.152911
0.507689	-0.0263773
0.274683	0.243257
0.0535032	0.00767845
-0.377668	0.274732
-0.532206	0.53052
-0.487577	0.86977
-0.474589	1.08641
-0.540961	1.15713
-0.46328	0.996287
-0.413946	1.09295
-0.436975	1.13549
-0.537205	1.05463
-0.643771	0.848645
-0.414724	0.605283
-0.407388	0.175524
-0.805871	0.295236
-0.736357	0.0351756
-0.760016	-0.0566177
-0.72528	-0.16183
-0.576659	-0.0732359
-0.439518	-0.0211519
-0.362829	-0.0356749
-0.35785	-0.0665259
-0.426803	-0.0979129
-0.472771	-0.171586
-0.499341	-0.243388
-0.678944	-0.2351
-0.833602	-0.166998
-0.784162	-0.199921
-0.815728	-0.184695
-0.751905	-0.218221
-0.666712	-0.287871
-0.64253	-0.310607
-0.649714	-0.291054
-0.641989	-0.157732
-0.479355	-0.150378
-0.465703	-0.103812
-0.464586	-0.0255809
-0.317648	-0.0790715
-0.564193	0.0769071
-0.627302	-0.220962
-0.648606	-0.379447
-0.72356	-0.178015
-0.719546	-0.214892
-0.594538	-0.304856
-0.619422	-0.403346
-0.62441	-0.265265
-0.639079	-0.156787
-0.564172	-0.0432617
-0.536637	-0.00354294
-0.661937	-0.174723
-0.6298	-0.226549
-0.657581	-0.367005
-0.65357	-0.13445
-0.582417	-0.362723
-0.608752	-0.243438
-0.700824	-0.25759
-0.452193	-0.178765
0.590928	-0.446856
0.598269	-0.167948
0.391486	0.0499801
0.450229	0.221565
0.0348516	0.0626683
-0.17091	-0.0952963
-0.394996	-0.206341
-0.443878	-0.450245
-0.583037	-0.553792
-0.781335	-0.459284
-0.840036	-0.404229
-0.828615	-0.382495
-0.833788	-0.20505
-0.738972	0.0576404
-0.461672	0.154175
-0.31885	0.102096
-0.228684	0.080042
-0.233878	0.11746
-0.141181	-0.344897
-0.215251	-0.443443
-0.289906	-0.378178
-0.345976	-0.26184
-0.296635	-0.25376
-0.210999	-0.209293
-0.251475	-0.132634
-0.270451	-0.122941
0.27971	-0.170245
0.0609869	-0.0141462
0.185325	0.0733594
0.0796001	0.0313874
-0.167259	0.0412776
-0.109567	-0.201709
0.099501	-0.291757
-0.0464245	-0.243929
-0.15098	-0.246359
-0.22576	-0.271463
-0.269625	-0.257206
-0.352996	-0.226215
-0.418863	-0.158099
-0.210282	-0.273459
-0.143668	-0.0615729
0.114003	0.020924
-0.137693	-0.290721
-0.211691	-0.420563
-0.344306	-0.479796
-0.380405	-0.471614
-0.172229	-0.493816
-0.227039	-0.255424
-0.270231	0.177584
-0.243605	0.145309
-0.256066	-0.0999685
-0.17091	-0.111244
-0.376356	-0.270071
-0.281908	-0.173193
-0.218964	-0.285101
-0.304433	-0.392487
-0.540901	-0.352648
-0.388345	0.132901
-0.653593	-0.0588775
-0.767993	-0.0763658
-0.867466	-0.0549006
-0.878424	-0.109635
-0.953571	-0.117678
-0.980117	-0.126901
-0.92035	-0.154227
-1.02253	-0.0970495
-1.01462	-0.068384
-1.12579	0.0448382
-1.09374	0.113922
-1.15589	0.213853
-1.12879	0.252259
-0.729859	0.256593
-0.338854	-0.0329327
-0.351895	-0.124025
-0.496992	-0.0486335
-0.372838	0.17715
-0.366015	0.14799
-0.808023	0.0367596
-0.772264	0.101176
-0.78986	-0.0290103
-0.940505	-0.120601
-0.940859	-0.162928
-0.860602	-0.123619
-0.63573	-0.208954
-0.633781	-0.167142
-0.729115	-0.488512
-0.804166	-0.396733
-0.841673	-0.095674
-0.30146	-0.113371
-0.364321	-0.161569
-0.422744	-0.130438
-0.467653	-0.126245
-0.497667	-0.119876
-0.493611	-0.139649
-0.465723	-0.102261
-0.499071	-0.0902988
-0.484475	-0.0967563
-0.571487	-0.0538638
-0.549872	-0.0651941
-0.494012	-0.164241
-0.48865	-0.111623
-0.510934	-0.0317398
-0.277366	-0.115634
-0.38751	0.119192
-0.41993	-0.0611287
-0.609819	-0.208248
-0.708455	-0.144454
-0.70623	-0.203055
-0.576037	-0.241558
-0.760513	0.111007
-0.757034	-0.0272165
-0.663557	0.0908848
-0.4465	-0.354227
-0.629925	-0.374362
-0.554407	-0.367503
-0.697899	-0.376177
-0.783129	-0.252611
-0.718647	-0.353263
-0.739367	-0.354975
-0.788023	-0.343388
-0.656654	-0.404339
-0.489943	-0.28315
-0.346372	-0.209572
0.045622	-0.072872
-0.0885141	0.0226319
-0.136247	0.0453825
-0.200749	-0.00394164
-0.0891712	0.00671766
0.0321821	0.151814
0.0466507	-0.0364161
0.117006	-0.120975
0.0826996	0.00488231
0.173801	0.173072
0.0857422	0.167392
-0.0994774	0.128919
-0.376879	-0.0398419
-0.355613	-0.0837622
-0.393519	-0.144341
-0.279197	-0.0811721
-0.580091	-0.484272
-0.110336	-0.0807115
-0.141499	0.314771
-0.423445	0.319318
-1.20598	0.272342
-1.24635	0.341876
-0.736669	0.287907
-0.854765	0.107786
-0.824108	0.0362398
-0.717603	-0.0636462
-0.586985	-0.162223
-0.521614	-0.192717
-0.470067	-0.216225
-0.415134	-0.211712
-0.266617	-0.0768804
-0.110888	0.0838366
-0.161081	0.13915
-0.0224682	0.105695
0.0965435	0.12622
0.0990764	0.192555
-0.0482926	0.246654
-0.000746026	0.0884558
-0.100376	0.105938
-0.262682	0.0492098
-0.328152	-0.0179803
-0.400415	0.00428327
-0.343645	0.0527791
-0.148363	0.0983087
-0.0517258	0.110602
-0.364896	-0.0267793
-0.58293	-0.258238
-0.804341	-0.286653
-0.822498	-0.259178
-0.651422	-0.478266
-0.797999	-0.290338
-0.873679	-0.233877
-0.805695	-0.154741
-0.596241	-0.199111
-0.906191	-0.162851
-1.16462	0.023433
-0.825527	0.257166
-1.06182	0.191177
-1.26223	0.130927
-1.31614	0.289433
-1.20889	0.271964
-1.05741	0.0321592
-0.94767	-0.0622882
-0.873026	-0.135065
-0.744084	-0.100577
-0.78611	0.0190429
-0.69384	0.0309914
-0.594256	0.031859
-0.450489	0.0237587
-0.411513	0.176568
-0.614106	0.243999
-0.664924	0.25883
-0.73969	0.208677
-0.719947	-0.185185
-0.651402	-0.0420555
-0.758239	0.117513
-0.618951	0.0924658
-0.332551	0.148173
-0.286739	0.330559
0.000909107	0.326969
0.0197525	0.293161
0.0209408	0.247658
0.103706	0.361068
0.0532569	0.318521
-0.0942481	0.130121
-0.295021	0.085988
-0.249288	-0.152744
-0.394315	-0.0767106
-0.455889	-0.0692063
-0.417633	-0.216501
-0.471834	-0.243902
-0.456989	-0.310766
-0.685401	-0.100624
-0.918921	-0.00181294
-0.819592	0.079464
-0.339786	0.265304
-0.935019	0.348207
-0.675993	0.209191
-0.483451	0.13185
-0.614773	0.0426095
-0.307726	-0.0940925
-0.027438	-0.051453
-0.149935	0.204465
-0.144411	0.059003
0.142419	-0.150348
-0.196875	-0.605481
-0.165554	-0.63716
-0.453891	-0.462675
-0.193062	-0.512482
0.0521552	-0.45198
-0.0342405	-0.606998
-0.11356	-0.699772
-0.230103	-0.651096
-0.393914	-0.570458
-0.495447	-0.423896
-0.194529	-0.501014
-0.186227	-0.299203
-0.607204	-0.0579743
-0.490281	0.284086
-0.452483	0.223408
-0.473801	0.177075
-0.450446	0.163831
-0.502334	0.267923
-0.526126	0.2851
-0.489627	0.199319
-0.469994	0.111064
-0.619801	0.265298
-0.455666	0.132263
-0.312193	0.0485205
-0.0694833	0.101786
0.147778	0.158274
0.38942	0.372042
0.425453	0.293225
-0.561328	-0.353528
-0.857955	-0.317519
-0.597042	-0.223219
-0.199367	0.0223645
-0.168549	-4.70086e-06
-0.354713	0.112204
-0.598219	-0.0152524
-0.691192	-0.087905
-0.838907	-0.000558622
-1.18326	-0.0743561
-0.93552	-0.0951786
-0.988285	-0.130756
-1.1347	-0.0623179
-0.915626	-0.0779861
-0.923093	-0.0621682
-0.86447	-0.132918
-0.912742	-0.395695
-0.689529	-0.359731
-0.970916	-0.300384
-0.764071	-0.278217
-0.695205	-0.338418
-0.744923	-0.289603
-0.690613	-0.229566
-0.713696	-0.163957
-0.607408	-0.139536
-0.695478	-0.169625
-0.587535	-0.159461
-0.750837	-0.107501
-0.458656	-0.0673966
-0.663754	-0.269778
-0.623461	-0.119694
-0.577182	-0.314446
-0.540737	0.0379281
-0.535436	-0.168162
-0.705114	-0.209092
-0.717809	-0.28243
-0.531952	-0.164031
-0.458498	0.0239559
-0.0989644	0.126341
-0.45148	-0.129846
-0.651863	-0.0943308
-0.85263	0.0407025
-1.0806	0.139167
-1.12596	-0.148829
-1.01277	-0.314236
-0.7871	-0.345612
-1.02239	-0.0628042
-1.34824	0.228407
-1.10304	0.124771
-0.888234	0.0528184
-0.767871	-0.0894705
-0.666533	-0.224442
-0.386934	-0.230402
-0.333182	-0.203645
-0.314022	-0.144973
-0.249365	-0.070713
-0.176188	0.0310843
-0.0688387	0.104446
0.26492	0.0427706
-0.0163192	0.055545
0.0442326	0.20932
0.136662	0.0742494
0.00258262	0.117168
-0.0468964	0.197925
-0.0654091	0.204438
-0.0533419	0.1756
0.0573494	0.10779
0.215241	0.0313844
0.214451	0.0435018
-0.0764384	0.132452
-0.494112	0.0653357
-0.421078	0.122638
-0.31158	0.291374
-0.396853	0.359721
-0.560895	0.291644
-0.377728	0.318757
-0.473614	0.466397
-0.723469	0.878291
-0.580088	0.769154
-0.366531	0.731039
-0.371008	0.739349
-0.395401	0.753354
-0.376585	0.74638
-0.370669	0.739486
-0.377038	0.694825
-0.415229	0.663796
-0.42339	0.557335
-0.477574	0.559829
-0.52353	0.534122
-0.547998	0.420414
-0.520399	0.442014
-0.389856	0.312897
-0.124744	0.239899
0.189272	0.273319
0.128538	0.0638133
-0.277902	0.0927114
-0.223736	-0.00933709
-0.394032	-0.128962
-0.428731	-0.0799125
-0.529797	-0.194219
-0.423489	-0.172549
-0.515318	-0.319719
-0.179256	-0.249424
-0.252387	0.0804127
-0.536888	-0.00523905
-0.626732	0.0514235
-0.458621	-0.0916626
-0.667447	-0.0367479
-0.579121	-0.0467286
-0.488428	-0.0642673
-0.700497	-0.195153
-1.09873	-0.185986
-0.857958	-0.171824
-0.796129	-0.363514
-0.486582	-0.369328
-0.419091	-0.215572
-0.564021	-0.18209
-0.552426	-0.143648
-0.478739	0.0584937
-0.384365	0.0749965
-0.298197	0.407538
-0.376812	0.360087
-0.335783	0.433643
-0.149101	0.408315
-0.127546	0.354748
-0.0747336	0.446074
-0.135965	0.393322
-0.144809	0.335159
-0.387083	0.179115
-0.5463	-0.0753627
-0.481299	-0.0446179
-0.562093	-0.281337
-1.24378	-0.859047
-0.818169	-1.00266
-0.417854	-0.234305
-0.665267	-0.115532
-0.781553	-0.199433
-0.875234	-0.259649
-0.967149	-0.230322
-0.918528	-0.364869
-0.946534	-0.377558
-1.12606	-0.398483
-1.14519	-0.349373
-1.03101	-0.319563
-0.990065	-0.131369
-0.898591	0.0733883
-0.765933	0.0948411
-0.397457	0.0171777
-0.57498	-0.096382
-0.64386	-0.117912
-0.652588	-0.140752
-0.589403	-0.232601
-0.636693	-0.2606
-0.607158	-0.237954
-0.483822	-0.160694
-0.459173	-0.105423
-0.472182	-0.0610524
-0.393877	-0.18549
-0.444412	0.0465743
-0.468829	0.0571194
-0.373201	0.0291939
-0.482453	-0.0502388
-0.50302	-0.141211
-0.661397	-0.101929
-0.730714	-0.184683
-0.857636	-0.239923
-0.941198	-0.196269
-0.972948	-0.170416
-0.984858	-0.0251667
-1.04734	0.065222
-0.96735	0.150342
-0.769499	0.211975
-0.405187	0.458734
-0.403909	0.312831
-0.263665	0.496593
-0.531651	0.405886
-0.428253	0.311043
-0.596081	0.19131
-0.865417	0.237823
-0.829901	0.097964
-0.875397	-0.0277365
-0.965765	-0.0145361
-0.93006	-0.097695
-0.869575	-0.0547009
-0.944641	-0.0407179
-0.90615	-0.0539662
-0.875848	0.00716777
-0.703941	0.00880521
-0.441065	-0.0238762
-0.353975	-0.0454626
-0.171399	-0.0772487
-0.184415	-0.00530587
-0.234199	0.0929097
-0.159288	0.0576838
-0.380614	0.192843
-0.264183	0.470525
-0.29914	0.630436
-0.203739	0.615952
-0.235565	0.707227
-0.19714	0.521436
-0.267297	0.45305
-0.298281	0.347733
-0.246767	0.102487
-0.265533	0.276657
-0.159067	0.346277
-0.0739309	0.258577
-0.0176496	0.0762816
-0.227826	0.0541324
-0.0416839	0.0992896
-0.227173	0.0503537
-0.258761	0.0208713
-0.232942	-0.0342388
-0.328274	0.0682297
-0.159901	0.0629234
-0.0429871	0.0560718
0.0399051	0.211978
-0.591856	0.247425
-0.211526	0.455496
-0.277447	0.663337
-0.416113	0.989346
-0.535823	1.11381
-0.411384	1.10857
-0.481833	1.22616
-0.404878	1.13478
-0.372254	1.07873
-0.298689	1.06228
-0.170617	0.937007
-0.0630267	0.59653
-0.11007	0.534164
-0.121105	0.602291
-0.240487	0.467936
-0.340797	0.362486
-0.510516	0.24472
-0.547591	0.136104
-0.718811	0.0561904
-0.744941	0.0192271
-0.668977	-0.112783
-0.663745	-0.1871
-0.579274	-0.286545
-0.594343	-0.353943
-0.600421	-0.198728
-0.671732	-0.301053
-0.737373	-0.283166
-0.790334	-0.219031
-0.531642	-0.192911
-0.857978	-0.165642
-0.809179	-0.153765
-0.645111	-0.143153
-0.807955	-0.301641
-0.729799	-0.143332
-0.717206	-0.0797942
-0.736765	-0.420564
-0.63251	-0.363414
-0.568211	-0.194071
-0.914993	-0.0956373
-0.562694	0.00383156
-0.68771	-0.0594079
-0.560703	-0.159497
-0.795441	-0.294786
-0.700275	-0.287989
-0.62248	-0.231635
-0.622528	-0.162565
-0.328107	-0.162648
-0.242372	0.0407963
-0.278777	0.23802
-0.133505	-0.154833
-0.339121	-0.142188
-0.279284	-0.109474
-0.313231	-0.0355867
-0.307682	-0.125634
-0.381211	-0.326719
-0.307981	-0.337768
-0.156117	-0.157695
-0.225848	-0.0633998
-0.216955	-0.0611122
-0.265165	-0.0882579
0.127235	0.345668
0.34112	0.408436
0.214604	0.285662
0.195107	0.130989
-0.221385	-0.0176364
-0.472934	0.0799651
-0.394285	-0.0334454
-0.270346	0.0188521
-0.238326	0.0696267
-0.205019	0.407932
0.00156312	0.20242
-0.313631	0.0741104
-0.372138	0.0860372
-0.398949	0.0727276
-0.383529	-0.131841
-0.289433	0.0199442
-0.339143	-0.104958
-0.564993	0.347639
-0.366325	0.317051
-0.288938	-0.0324383
-0.469146	-0.236394
-0.498451	-0.346794
-0.723106	-0.244985
-0.7462	-0.32017
-0.81557	-0.34358
-0.946304	-0.225904
-1.06656	-0.130372
-1.13098	0.0657068
-1.1532	0.241379
-0.503158	0.102252
-0.127601	0.0083538
-0.345939	-0.219676
-0.0976586	-0.184319
-0.654292	-0.0814889
-0.846086	-0.0126443
-0.663067	-0.212693
-0.639031	-0.137415
-0.658411	-0.216696
-0.809496	0.192029
-0.455945	0.647304
-0.441604	0.771975
-0.366303	0.937031
-0.276094	0.951259
-0.36375	0.80855
-0.361779	0.233752
-0.244739	0.124845
-0.350852	0.166394
-0.363977	0.127937
-0.212608	0.0837492
-0.143196	0.371509
-0.270133	0.274553
-0.437131	0.180118
-0.676812	-0.0169754
-1.01373	0.0296671
-0.631819	-0.367753
-0.919584	-0.387907
-0.787748	-0.0908891
-0.948728	-0.491969
-1.092	-0.160005
-0.800898	-0.141302
-0.403097	0.0421893
-0.42762	-0.238565
-0.511024	-0.242564
-0.709511	-0.142233
-0.754845	-0.0392337
-0.920154	0.138234
-0.959682	0.225379
-0.714009	0.182338
-0.646958	0.54844
-0.64928	0.523759
-0.445539	0.804139
-0.391536	1.00462
-0.391605	1.01442
-0.378248	0.958684
-0.485677	0.94463
-0.570181	0.6884
-0.747469	0.575109
-0.789128	0.325416
-0.606573	0.0931204
-0.45908	-0.00308618
-0.319393	-0.202963
-0.31841	-0.322629
-0.373557	-0.277683
-0.398309	-0.210772
-0.551586	-0.132414
-0.646221	-0.106343
-0.768938	-0.0650373
-0.745376	-0.152703
-0.835007	-0.260762
-0.775692	-0.50919
-0.35778	-0.24098
-0.820378	0.274615
-0.762503	0.334068
-0.455336	0.122403
-0.44801	-0.0213019
-0.188877	0.00963546
-0.017838	0.0953381
0.0681356	-0.111051
-0.0359888	0.112077
-0.0811654	0.0763946
-0.0388232	-0.0162208
-0.196787	-0.0367104
-0.123544	-0.153316
0.0271273	-0.214412
0.0772157	-0.20655
0.138886	-0.167768
0.205649	-0.268156
0.273129	-0.327128
0.366915	-0.0978086
0.383342	-0.031602
0.382398	0.0638012
0.400985	0.0517096
0.443633	0.0656743
0.331327	-0.095749
0.231431	-0.230656
0.0699077	-0.299381
0.0228935	-0.297774
-0.12242	-0.220993
-0.367104	-0.0943905
-0.379881	-0.0600869
-0.44067	0.0580459
-0.143408	0.0515304
-0.325987	0.109949
-0.40163	0.186104
-0.407541	0.142648
-0.782356	0.59905
-0.582627	0.968254
-0.39905	1.13067
-0.384934	1.13732
-0.310499	1.02884
-0.321803	1.17807
-0.533827	1.08795
-0.662971	0.876912
-0.792459	0.415138
-1.06577	0.234867
-1.28122	0.195145
-1.0559	0.103119
-0.936332	0.0398418
-1.17624	-0.159506
-1.11878	0.0485827
-1.12063	-0.223056
-1.14369	-0.142588
-1.24874	-0.0745599
-1.13921	0.194071
-0.934649	0.599959
-0.54993	0.939591
-0.398288	1.21536
-0.365202	1.21608
-0.260456	1.14424
-0.236795	1.15368
-0.237792	1.17709
-0.262423	1.07129
-0.391701	1.02824
-0.367554	0.829745
-0.571125	0.941534
-0.5087	0.38298
-0.659641	-0.0511831
-0.609261	-0.0684038
-0.529473	0.162273
-0.780959	0.0167788
-0.882243	-0.135113
-1.08834	-0.192974
-0.773695	-0.263976
-0.625755	-0.2796
-0.63553	-0.198929
-0.807507	-0.136499
-0.818012	-0.0476242
-0.856918	-0.138133
-0.872382	0.175649
-0.770575	0.16108
-0.524741	0.79209
-0.508195	0.76337
-0.3001	0.800477
-0.331448	0.863429
-0.456486	1.01945
-0.512307	1.1394
-0.34062	1.08265
-0.338714	1.05373
-0.326746	1.09132
-0.372588	1.11907
-0.335906	0.955758
-0.368787	0.882795
-0.410009	0.718038
-0.496444	0.477349
-0.655968	-0.19147
-0.634744	-0.110058
-0.406852	-0.246235
-0.508223	-0.277807
-0.63172	-0.198757
-0.525672	-0.228578
-0.526391	-0.297226
-0.591623	-0.159566
-0.563913	-0.218279
-0.790261	-0.336453
-0.846807	-0.292361
-0.809315	-0.186847
-0.252125	0.0695587
0.455011	0.50306
0.38149	0.650104
0.366772	0.667591
0.296298	0.644269
0.17729	0.676882
0.139809	0.691318
-0.0355717	0.656694
-0.103154	0.672692
-0.275961	0.666407
-0.353	0.716018
-0.273041	0.743258
-0.135909	0.776434
-0.0942568	0.658765
-0.230202	0.453485
-0.0713948	-0.0261924
-0.20315	-0.00874288
-0.306199	0.062875
-0.343928	0.0544207
-0.655359	-0.129573
-0.516109	-0.0151636
-0.849217	-0.290841
-0.785233	-0.217229
-0.309801	-0.123114
-0.523836	-0.0268942
-0.556306	0.0472059
-0.6841	0.269652
-0.595177	0.43705
-0.484528	0.523423
-0.321679	0.569277
-0.0908572	0.395814
-0.244411	0.356326
-0.585305	0.129097
-0.684911	-0.126272
-0.743675	-0.161865
-0.533212	-0.299665
-0.602934	-0.180552
-0.440394	-0.256824
-0.81219	-0.145463
-0.711449	-0.10529
-0.434406	-0.109614
-0.44525	-0.19735
-0.514718	-0.171467
-0.519745	-0.135222
-0.564483	-0.0889454
-0.612845	-0.0622388
-0.0211442	-0.0213538
0.379106	-0.0974476
0.304988	-0.129678
0.208978	-0.285247
0.198573	-0.506469
-0.0459408	-0.469656
-0.107356	-0.369138
-0.273056	-0.542984
-0.279209	-0.316653
-0.347189	-0.472244
-0.402309	-0.299936
-0.276147	-0.376991
-0.252755	-0.33037
0.0763126	-0.0866314
-0.10334	0.00484267
-0.129385	0.0154043
-0.180664	0.0828868
-0.1781	0.09739
-0.191197	0.0831803
-0.237613	0.0784793
-0.202426	0.0874496
-0.233188	0.0656655
-0.158114	-0.0121206
-0.151217	-0.056036
-0.107792	-0.121755
-0.00318821	-0.154381
0.133108	-0.214501
0.158816	-0.163131
0.180936	-0.113317
0.00947571	-0.109068
-0.021457	-0.190172
-0.15077	-0.180705
-0.247754	-0.143471
-0.346114	-0.0837936
-0.335567	-0.147495
-0.410372	-0.0541953
-0.392563	0.215469
-0.2915	-0.0570112
-0.561545	-0.0999172
-0.653418	0.11528
-0.719573	0.156076
-0.828874	-0.0977157
-1.02421	-0.211812
-0.974825	-0.10446
-1.3982	-0.139123
-1.27082	-0.286882
-0.86428	-0.123372
-0.656804	0.394768
-0.634518	0.224403
-0.729825	0.357081
-0.695379	0.43589
-0.702719	0.465874
-0.616366	0.565287
-0.67492	0.716327
-0.651401	0.753725
-0.729074	0.838634
-0.55919	0.752195
-0.509778	0.82462
-0.435204	0.786399
-0.289396	0.815284
-0.164183	0.692937
-0.15572	0.715809
-0.106697	0.694062
0.0725166	0.627033
0.159403	0.743817
0.191522	0.853651
0.261594	0.846123
0.264075	0.798474
0.300789	0.883723
0.152495	0.903826
0.103968	0.749654
0.071345	0.601693
-0.0416835	0.709046
-0.128568	0.652612
-0.109197	0.695653
-0.206464	0.639254
-0.257112	0.620524
-0.316992	0.525967
-0.490068	0.545181
-0.670558	0.619064
-0.899655	0.727755
-0.649801	0.618523
-0.500951	0.659779
-0.358257	0.745816
-0.42002	0.631173
-0.578835	0.340014
-0.738634	0.659958
-0.336661	0.419777
-0.313079	0.819718
-0.290938	0.776771
-0.424448	0.919885
-0.338853	0.888484
-0.289476	0.847595
-0.344889	0.978861
-0.315073	0.886439
-0.34756	0.817037
-0.506846	0.828856
-0.543036	0.746216
-0.589956	0.672675
-0.607526	0.526122
-0.692891	0.407308
-0.714538	0.25675
-0.741054	0.149848
-0.741823	0.0519735
-0.759374	0.0887099
-0.745559	0.0334311
-0.686378	-0.0329578
-0.655334	-0.0156595
-0.413343	-0.0383248
-0.188047	0.0943997
-0.171822	0.12916
-0.178858	0.296201
-0.232421	0.279183
-0.203815	0.399861
-0.0303323	0.2866
0.12232	0.146439
0.121512	0.455962
0.377486	0.422793
0.405449	0.801625
0.299819	0.8869
0.453032	1.04342
0.460809	1.05731
0.327307	1.09028
0.286347	1.14289
0.289544	1.12379
0.338751	1.11487
0.461513	1.10683
0.489793	1.09292
0.454421	1.04419
0.375254	0.952082
0.47999	0.875145
0.556689	0.895886
0.511555	0.833031
0.422463	0.597434
0.253628	0.2058
0.12591	0.170801
-0.00397301	0.231013
-0.190141	-0.0544125
-0.35	-0.114247
-0.439023	-0.515662
-0.363772	-0.369373
-0.133497	0.096982
-0.490822	0.403018
-0.653637	0.32279
-0.793163	0.265505
-0.858725	0.0778726
-0.749841	-0.073796
-0.705938	-0.13928
-0.620752	-0.23579
-0.62932	-0.248552
-0.594153	-0.0658281
-0.582305	0.169518
-0.467419	0.279412
-0.65087	0.397479
-0.648216	0.525161
-0.727204	0.415553
-0.799362	0.298652
-0.778897	0.141231
-0.790781	0.0409632
-0.644958	-0.0379035
-0.720373	-0.0313545
-0.808899	0.000237555
-0.760268	0.0463461
-0.737711	0.00926696
-0.68338	0.000252876
-0.627421	0.00107206
-0.552523	-0.0302176
-0.414721	-0.18725
-0.393936	0.032857
-0.454796	0.00405615
-0.587233	-0.0429564
-0.699903	-0.120534
-0.788601	-0.134047
-0.646046	-0.0851682
-0.572743	-0.124935
-0.666197	-0.216942
-0.859878	-0.256301
-0.710118	-0.252647
-0.74008	-0.281195
-0.70106	-0.215644
-0.754474	-0.156522
-0.84179	-0.135565
-0.61016	-0.2384
-0.448796	0.176524
-0.237902	0.0424381
-0.394977	0.0375795
-0.213661	0.126941
-0.255292	-0.070593
-0.335722	-0.152314
-0.386612	-0.127549
-0.368709	-0.175398
-0.475561	-0.0481744
-0.490779	0.0415461
-0.549218	0.116315
-0.696404	0.308111
-0.799223	0.26936
-1.0813	0.282867
-1.38457	0.200703
-1.04909	-0.0544894
-0.778745	-0.187491
-0.994948	0.00955805
-1.14182	0.233747
-1.01788	0.196829
-0.814902	0.065692
-0.664774	0.0326245
-0.526553	0.0157532
-0.470663	-0.0549516
-0.426331	-0.0800842
-0.324711	-0.0339384
-0.143562	0.0107891
-0.0977608	0.0758322
-0.14888	0.11753
-0.108933	0.0246333
-0.196616	0.0353316
-0.26399	-0.00302732
-0.322268	-0.000909584
-0.340608	0.0756944
-0.410945	0.167001
-0.43337	0.240048
-0.448766	0.375459
-0.507578	0.472847
-0.678877	0.722084
-0.709632	0.806272
-0.617703	0.776137
-0.493858	0.604737
-0.445259	0.648307
-0.20371	0.808824
-0.0423703	0.901662
0.126536	0.903697
0.0379023	0.883621
-0.120139	1.03248
-0.308055	0.97547
-0.419963	0.940734
-0.570218	0.90654
-0.704561	0.781048
-0.71608	0.591427
-0.724329	0.369043
-0.791526	0.196446
-0.795508	0.0158665
-0.87562	-0.0233565
-0.971588	0.0586387
-1.05779	0.068095
-1.03568	0.0422563
-0.573733	0.241321
-0.665613	0.0727531
-0.926957	0.11775
-0.78938	0.137761
-0.609686	0.194457
-1.12135	0.183641
-1.31358	0.202603
-1.22778	0.149486
-1.20765	0.150019
-1.15739	0.0765824
-1.1955	0.0749096
-1.16645	0.0662271
-1.08215	-0.0144091
-1.09113	-0.0193456
-1.13715	-0.0192688
-1.13653	-0.00808108
-1.0386	-0.113125
-0.86887	-0.10506
-0.540881	-0.0541031
-0.630803	-0.0653121
-0.617222	-0.129893
-0.737744	-0.347097
-0.590777	-0.205624
-0.926592	-0.00632913
-1.28326	0.093131
-1.37193	0.272872
-1.22514	0.370001
-0.973427	0.498508
-0.688836	0.634205
-0.379209	0.742429
-0.210798	0.735193
-0.282546	0.544274
-0.312035	-0.00139255
-0.293829	0.0249344
-0.308394	0.109907
-0.282681	0.172109
-0.0462906	0.399366
-0.331009	0.291984
-0.440656	0.154168
-0.57502	-0.0278861
-0.720504	-0.0858654
-0.738025	-0.0353348
-0.813896	-0.14987
-0.815893	-0.320555
-0.747011	-0.352779
-0.849023	-0.369
-0.607787	-0.291169
-0.0478076	0.0919564
-0.186416	0.36746
-0.43465	0.529441
-0.769388	0.275402
-0.687185	-0.248825
-0.333902	-0.199844
-0.608093	-0.374569
-0.618215	-0.339525
-0.482028	0.0312116
-0.363817	0.231434
-0.313379	0.275778
-0.181629	0.307578
-0.325294	0.312551
-0.235085	0.248824
-0.298065	0.165399
-0.126738	0.24779
-0.119126	0.00994787
-0.23137	-0.119293
-0.304124	-0.0994733
-0.419078	-0.0596126
-0.347013	-0.0863548
-0.400643	0.00854129
-0.042319	0.226561
0.104219	0.00252016
0.0130641	-0.209619
-0.245649	-0.48868
-0.334133	-0.490753
-0.292614	-0.202148
-0.176936	-0.285272
-0.406135	-0.350757
-0.263088	-0.0539273
-0.353499	-0.213128
-0.613385	-0.0665203
-0.73769	0.186874
-0.745562	0.331582
-0.5005	0.416749
-0.40828	0.144908
-0.439617	0.0464626
-0.28596	0.170524
-0.217988	0.559881
-0.325982	0.34431
-0.397728	0.197095
-0.316016	-0.046854
-0.314923	-0.141377
-0.220104	-0.221186
-0.276741	-0.144514
-0.18861	-0.0970087
-0.116038	-0.0859097
-0.0780386	-0.0806315
-0.114297	-0.00682228
-0.133549	0.0233511
-0.165998	-0.00754207
-0.0528384	0.295241
-0.223589	0.343103
-0.0259728	0.11003
-0.0531201	-0.0258041
-0.372409	-0.412477
-0.445863	-0.263932
-0.233241	-0.332682
-0.121687	-0.560115
-0.0206083	-0.38608
-0.353143	-0.373712
-0.42962	-0.617415
-0.433915	-0.435032
-0.162932	0.120921
-0.202671	0.205578
-0.489548	0.219506
-0.506434	0.182272
-0.428284	0.211076
-0.271494	0.201963
-0.322842	0.206247
-0.174968	0.167421
-0.226725	0.210402
-0.362451	0.110155
-0.579509	0.135587
-0.49012	-0.100824
-0.609029	-0.105997
-0.673928	0.1106
-0.569856	0.145455
-0.277837	0.0912694
-0.0442437	-0.134266
0.0540258	-0.162622
0.0953061	-0.143272
0.169055	-0.162287
0.227035	-0.07547
0.368358	-0.0825854
0.455271	-0.0257796
0.578988	0.0885436
0.630648	0.157324
0.68077	0.162661
0.6619	0.280457
0.501974	0.204214
0.421406	0.406649
0.0670218	-0.029854
0.179269	-0.130164
0.00521732	-0.0728324
-0.20787	0.0492068
-0.344613	-0.187597
0.0450649	0.0563234
-0.0147849	0.548486
-0.108467	0.709737
-0.0646882	0.641097
-0.1056	0.572313
-0.151549	0.582303
-0.0932306	0.4511
-0.0724821	0.530808
-0.233372	0.57036
-0.421677	0.390585
-0.266809	0.22426
-0.286698	-0.0182749
-0.379213	0.135105
-0.518294	-0.032594
-0.673516	0.0770345
-0.478855	-0.0532384
-0.464577	-0.222601
-0.360053	0.074911
-0.337302	0.0507644
-0.389441	0.0625496
-0.458483	0.0526405
-0.534864	0.0483059
-0.615155	0.0335497
-0.664202	-0.00265721
-0.728238	-0.0485894
-0.768791	-0.0770315
-0.740924	-0.145353
-0.687257	-0.192951
-0.700532	-0.172068
-0.676997	-0.218776
-0.653734	-0.286601
-0.526553	-0.230104
-0.505876	-0.141391
-0.450414	-0.0449885
-0.336837	0.0166713
-0.216078	0.077268
-0.304929	0.223139
0.0608089	0.0241496
0.14306	-0.191117
-0.132272	0.00268737
-0.391475	-0.113478
-0.467836	-0.208454
-0.255632	-0.257955
-0.0851036	-0.0322141
-0.197648	-0.10121
-0.305708	-0.362196
-0.389933	-0.355701
-0.238104	-0.280105
-0.152856	-0.398972
-0.0724915	-0.438406
-0.102202	-0.551419
-0.319474	-0.230496
-0.468313	-0.247534
-0.283901	-0.307347
-0.57728	-0.242863
-0.735485	-0.136015
-0.400088	-0.243657
-0.693693	-0.388228
-0.658612	-0.203558
-0.65544	-0.0984629
-0.60135	-0.0134689
-0.726044	0.0468319
-0.354021	-0.0622397
-0.277803	0.300531
-0.667101	0.145275
-0.690064	0.0412832
-0.644395	-0.0301915
-0.660787	-0.0696274
-0.684333	-0.0628312
-0.676739	-0.0284178
-0.723943	0.0526684
-0.686998	0.0817967
-0.675364	0.0847944
-0.500211	0.148635
-0.237512	0.470596
-0.251572	0.414121
-0.182424	0.195025
-0.171999	0.420261
-0.304872	0.520377
-0.171075	0.0847507
-0.26919	-0.0239791
-0.201503	-0.0818419
-0.216345	-0.0737832
-0.274799	0.0396001
-0.385533	0.0720108
-0.47521	0.0266252
-0.429721	0.0225377
-0.373817	0.0098288
-0.35117	0.0190575
-0.07408	-0.0457896
-0.00273597	0.0736508
-0.263532	0.0881257
-0.39582	-0.157168
-0.450039	-0.287744
-0.724526	-0.34274
-0.845266	-0.0776823
-0.880821	-0.0646534
-0.900398	0.0346673
-0.662104	0.222332
-0.267328	0.785705
-0.459228	0.705802
-0.397249	0.664213
-0.278983	0.413223
-0.174291	0.241155
-0.278004	0.423967
-0.317344	0.433138
-0.403264	0.385256
-0.346373	0.208513
-0.448313	0.135116
-0.506644	0.11916
-0.579941	0.109112
-0.567566	-0.0786835
-0.580823	-0.12881
-0.515737	-0.104824
-0.403263	-0.0995409
-0.271228	0.00609167
-0.160495	0.0387944
0.0708963	0.0117917
0.0131219	0.0581443
0.00671924	0.0256221
0.0722832	0.232848
-0.0409263	0.193047
-0.0433353	0.166261
-0.0405827	0.0434548
-0.0594115	-0.163822
-0.266935	-0.228576
-0.260264	-0.317441
-0.221479	-0.348759
-0.33089	-0.380152
-0.337825	-0.315912
-0.280874	-0.286604
-0.251405	-0.257333
-0.216797	-0.214167
-0.118424	-0.174526
0.000873032	-0.126446
0.156371	-0.109834
0.236254	-0.111013
0.208641	-0.0647222
0.00467664	-0.132924
0.0449769	0.0347739
0.0459875	-0.0242673
-0.36484	0.0031192
-0.386222	-0.087894
-0.472115	-0.154819
-0.537308	-0.229705
-0.584369	-0.326138
-0.628284	-0.236465
-0.592839	-0.250298
-0.660678	-0.0889797
-0.164538	0.150683
-0.0568064	-0.0630741
-0.346613	-0.223944
-0.326689	-0.308276
-0.402587	-0.18542
-0.374136	-0.2516
-0.479412	-0.229345
-0.528921	-0.396371
-0.708845	-0.0866946
-0.506089	-0.329147
-0.528922	-0.387329
-0.0526294	0.0180057
-0.198715	-0.310956
-0.751581	-0.250835
-0.710166	-0.212102
-0.58895	-0.245088
-0.634305	-0.140088
-0.730693	0.0690643
-0.283444	0.222803
-1.25003	0.377455
-0.729857	0.21288
-0.689828	0.130976
-0.606073	0.000277549
-0.420907	0.20024
-0.398967	0.0919612
-0.295867	0.119388
-0.320059	0.136626
-0.28517	0.00732361
-0.344717	-0.0774582
-0.390431	-0.154183
-0.525414	-0.233579
-0.606196	-0.239735
-0.620186	-0.261611
-0.603689	-0.231682
-0.690722	-0.0906493
-0.609656	-0.0301945
-0.608802	0.0444241
-0.65179	0.248873
-0.412176	0.496569
-0.32772	0.597547
-0.625453	0.405697
-0.540132	0.208149
-0.489541	0.0932726
-0.412887	0.174998
-0.546821	0.412418
-0.640244	0.279438
-0.75422	0.175133
-0.981364	0.278106
-0.655651	0.287041
-0.525175	0.192922
-0.455633	0.348195
-0.133612	0.486669
-0.192201	0.0484051
-0.543994	0.143031
-0.488149	0.197807
-0.236526	0.34595
-0.231577	0.177998
-0.232406	0.209945
-0.254205	0.245361
-0.221736	0.244286
-0.280296	0.170569
-0.223423	0.270003
-0.42865	0.464919
-0.601626	0.109841
-0.407374	-0.16745
-0.428277	-0.0473127
-0.448029	0.0107939
-0.466631	-0.131477
-0.567099	0.217074
-0.608752	0.00655195
-0.782556	-0.0683282
-0.54188	-0.241479
-0.353858	0.193778
0.000112518	0.407632
-0.0511823	0.645601
-0.208177	0.75762
-0.123571	0.709268
-0.120543	0.644237
-0.051689	0.515472
-0.0809621	0.450162
-0.34588	0.286605
-0.490321	-0.0611533
-0.503371	-0.0926277
-0.814244	-0.0707306
-0.814392	-0.0952418
-0.820261	-0.0714208
-0.644235	-0.0914265
-0.394617	-0.171527
-0.183365	-0.243275
0.0465458	-0.230782
0.275753	-0.20857
0.240504	-0.279689
-0.1159	-0.221957
-0.305345	-0.264369
-0.355503	-0.260058
-0.4394	-0.261715
-0.335829	-0.421857
0.192062	-0.594545
0.0710618	-0.373149
-0.280754	-0.196261
0.146331	0.276919
0.235604	0.480158
0.228514	0.626071
-0.248967	0.646471
-0.348254	0.442853
-0.414606	0.504882
-0.367963	0.546096
-0.300606	0.546646
-0.262381	0.429118
-0.299319	0.442368
-0.113208	0.439194
0.0331171	0.504728
-0.0189999	0.319909
-0.243359	0.29276
-0.583179	0.0320101
-0.707012	0.348985
-0.674819	0.502264
-0.568205	0.457807
-0.68021	0.809375
-0.574134	0.927159
0.0990938	1.07752
0.282362	1.17799
0.302115	1.28037
0.123948	1.36296
-0.0258949	1.47178
-0.0286009	1.3732
-0.16413	1.30534
-0.329509	1.10595
-0.393151	0.851933
-0.422452	0.572169
-0.408901	0.433421
-0.619419	0.234951
-0.794064	0.0542844
-0.816703	0.114295
-0.506245	-0.0915512
-0.476707	-0.167782
-0.334496	-0.0665448
-0.491328	0.0057369
-0.524397	-0.0978575
-0.415734	-0.186791
-0.539969	-0.158151
-0.608708	-0.0883465
-0.61471	-0.0326064
-0.670284	-0.0761152
-0.514981	-0.116749
-0.391294	-0.162151
-0.276832	-0.0922083
-0.0770077	0.138888
0.0411012	0.34628
-0.0185881	0.448083
-0.0162949	0.422535
-0.0302073	0.490917
0.0304092	0.280969
-0.18621	0.136535
-0.498052	0.163598
-0.847219	0.345208
-1.12323	0.231479
-0.675801	0.149324
-0.686849	0.26229
-0.614832	0.133173
-0.354514	0.325117
-0.0529735	0.129804
0.13112	0.194026
0.309814	0.287161
0.345575	0.270591
0.500766	0.152568
0.605784	0.169656
0.56658	0.047603
0.461756	-0.0260358
0.365828	-0.101797
0.117446	-0.0915743
-0.179371	-0.0494837
-0.452154	0.060486
-0.658961	0.181913
-0.688471	0.322422
-0.687636	0.363339
-0.679816	0.358948
-0.693421	0.37486
-0.658857	0.362643
-0.721606	0.307625
-0.721694	0.271096
-0.496577	0.195105
-0.427227	0.0806511
-0.542952	0.136334
-0.371468	0.120974
-0.205453	0.0531592
-0.400847	-0.00654177
-0.172272	0.137678
-0.281289	0.123959
-0.363607	0.107419
-0.495469	0.103814
-0.485962	0.00670291
-0.430117	-0.131823
-0.461999	-0.143341
-0.483451	-0.17384
-0.474389	-0.197433
-0.41361	-0.180045
-0.417753	-0.21568
-0.506459	-0.293518
-0.419412	-0.0748751
-0.27973	-0.0304748
-0.375151	-0.120688
-0.55537	-0.18238
-0.532704	-0.237979
-0.551469	-0.174848
-0.659185	-0.102532
-0.560985	-0.0378782
-0.494465	-0.0306362
-0.515154	-0.0728123
-0.855467	-0.258068
-0.28269	-0.479803
-0.739563	-0.28503
-0.627707	-0.14358
-0.546271	-0.20081
-0.659381	-0.283022
-0.0671076	-0.758307
-0.145379	-0.527696
-0.658133	-0.301496
-0.844784	-0.19753
-0.673956	-0.40314
-0.407083	-0.334317
0.140806	0.349811
0.151472	0.378251
0.157178	0.360294
0.0863237	0.240336
0.121032	0.14393
0.0893252	-0.0231278
0.00415156	-0.0733022
-0.135963	0.200262
-0.582603	0.669999
-0.480486	0.672107
-0.357278	0.628788
-0.387096	0.750678
-0.137894	0.818454
-0.124728	0.618296
-0.260918	0.419605
-0.273215	0.414777
-0.188455	0.204308
-0.0276502	0.0299046
-0.290306	-0.237092
-0.431998	-0.156706
-0.805063	-0.148907
-0.617538	0.0844566
-0.339775	0.0110901
-0.407997	-0.0502414
-0.52869	-0.0767919
-0.525499	-0.126866
-0.585221	-0.153276
-0.652721	-0.110464
-0.710122	-0.135787
-0.946631	-0.198596
-0.754485	-0.0426306
-0.821736	-0.0240262
-0.992589	-0.0240747
-0.894712	0.0768848
-0.832857	0.232941
-0.757382	0.128211
-0.907248	0.0207976
-0.946984	0.0261289
-0.946487	-0.00800962
-1.03348	-0.00789517
-1.03685	-0.0963475
-0.986487	-0.217413
-0.956027	-0.223349
-0.939174	-0.184994
-0.861621	-0.155561
-0.887799	0.0148463
-0.781775	0.202817
-0.6142	0.481198
-0.425041	0.688078
-0.356292	0.626838
-0.188675	0.28079
-0.0133445	0.19607
0.0839148	0.206095
-0.435385	0.258667
-0.42352	0.20875
-0.276982	0.218735
-0.32927	0.228503
-0.455244	0.336231
-0.332566	0.225629
-0.407431	0.187181
-0.292856	0.200795
-0.332948	0.241266
-0.408842	0.300958
-0.462765	0.583555
-0.421654	0.626803
-0.45467	0.572829
-0.487394	0.459821
-0.31012	0.213015
-0.209879	0.157145
-0.112165	0.0694981
0.0262134	0.12346
0.0914412	0.113526
0.0785752	-0.0146248
0.103525	-0.16323
-0.13886	-0.20089
-0.304708	-0.234805
-0.437965	-0.122848
-0.547363	-0.0908784
-0.459813	-0.150717
-0.382014	-0.215678
-0.350169	-0.243657
-0.197727	-0.297262
-0.0676509	-0.210553
0.0244859	-0.11647
0.0802375	-0.126324
-0.00170199	-0.162575
0.00251205	-0.219321
-0.115463	-0.227394
-0.214344	-0.162461
-0.229677	-0.129637
-0.16048	0.0481802
0.0496542	0.263976
0.349875	0.374059
0.599192	0.320751
0.112611	0.220339
-0.195361	0.065596
-0.347037	0.101842
-0.367614	-0.0112929
-0.559937	-0.0853756
-0.381859	-0.186425
-0.156943	-0.22422
-0.0370957	-0.163511
0.0442597	-0.0732428
0.22209	0.310056
0.529769	0.543107
0.301502	0.540572
0.0982907	0.238083
-0.161538	0.00323133
-0.413989	-0.2116
-0.534138	-0.350502
-0.643184	-0.430995
-0.734264	-0.440822
-0.727155	-0.340971
-0.648121	-0.286369
-0.552293	-0.237175
-0.350184	-0.321731
-0.239461	-0.319078
-0.454373	-0.366233
-0.475695	-0.347627
-0.336223	-0.111084
-0.396383	0.00247044
-0.527876	-0.22322
-0.428273	-0.249114
-0.63876	-0.151507
-0.63654	-0.298959
-0.683137	-0.374711
-0.68012	-0.168186
-0.558231	0.213575
-0.34325	0.151926
-0.453143	-0.129293
-0.607541	-0.146271
-0.716408	-0.116782
-0.790683	-0.0303467
-0.948498	0.126028
-1.04437	0.255256
-1.13222	0.393305
-0.733089	0.476117
-0.900348	0.328829
-0.832003	0.261433
-0.689595	0.0532493
-0.648426	-0.0748616
-0.553027	-0.168476
-0.487753	-0.0864356
-0.221039	0.0818087
-0.115963	-0.0146136
-0.351933	-0.355008
-0.517182	-0.437837
-0.431838	-0.404931
-0.414541	-0.543991
-0.722654	-0.330193
-0.711146	-0.15558
-1.24724	-0.369524
-0.921005	-0.348878
-0.432634	-0.205327
-0.599474	-0.393963
-0.632268	-0.136347
-0.884207	-0.168932
-0.669316	-0.295949
-0.820867	0.273346
-0.75474	0.349267
-0.295905	0.228651
-0.143762	0.326087
0.0112737	0.976736
-0.18438	1.23309
-0.172373	1.20896
-0.135085	1.25762
-0.0987872	1.24755
-0.144483	1.26109
-0.241675	1.34571
-0.283983	1.2729
-0.359309	1.30683
-0.455561	1.32802
-0.622542	1.14734
-0.73008	1.03262
-0.694498	0.797074
-0.697391	0.674295
-0.877767	0.581109
-0.836265	0.403918
-0.821886	0.122325
-0.818604	0.0093403
-0.808009	-0.0701549
-0.823088	-0.155687
-0.901186	-0.196739
-0.761748	-0.349021
-0.734749	-0.279767
-0.66192	-0.351602
-0.675271	-0.424392
-0.837106	-0.349596
-0.800736	-0.289544
-0.722755	-0.161261
-0.740591	-0.242866
-0.683107	-0.210533
-0.70332	-0.306334
-0.586636	-0.38681
-0.594512	-0.235951
-0.566219	-0.259305
-0.770331	-0.305207
-0.771438	-0.238034
-0.842669	-0.186346
-0.641381	-0.131389
-0.668618	-0.367549
-0.673707	-0.311507
-0.508006	0.13495
0.294233	0.3416
0.295697	0.329434
0.353192	0.32208
0.282613	0.224937
0.0953304	0.11368
0.0312739	0.134936
-0.3164	0.498877
-0.638064	0.742331
-0.550921	0.633585
-0.476811	0.668099
-0.20919	0.639099
-0.139948	0.697898
-0.265583	0.552956
-0.374055	0.237807
-0.278249	0.200746
-0.426936	0.000492528
-0.651749	-0.197474
-0.674522	-0.0388788
-0.43409	-0.163813
-0.606442	-0.295305
-0.432748	0.0481066
-0.498744	0.316335
-0.578311	0.29766
-0.640135	0.301936
-0.702151	0.194631
-0.680222	0.109262
-0.737618	0.0377507
-0.659612	-0.0458826
-0.646992	-0.0426488
-0.685942	0.0014683
-0.777501	0.0558346
-0.572713	0.272029
-0.67904	0.142807
-0.864353	0.0962612
-1.0164	0.127268
-0.935209	-0.0832858
-0.621174	0.0815089
-0.495377	0.125898
-0.535844	0.067628
-0.493515	-0.0225304
-0.603519	-0.0644983
-0.564351	-0.0846981
-0.593797	-0.047484
-0.288813	0.053234
-0.49991	-0.0297784
-0.544163	-0.0669705
-0.582523	-0.0476008
-0.596767	0.0476117
-0.50826	0.0821766
-0.275246	0.0659859
-0.13923	0.00574594
-0.0942476	-0.104498
-0.156648	-0.492616
-0.797794	-0.774772
-0.451395	-0.816817
-0.228052	-0.739919
-0.433371	0.0253899
-0.474278	-0.0205168
-0.456244	-0.12987
-0.467687	-0.153731
0.0689935	-0.143087
-0.0915215	-0.114151
-0.139527	-0.272455
-0.0874643	-0.411034
-0.253427	-0.147964
-0.359969	-0.190371
-0.56594	-0.0517834
-0.641505	-0.16577
-0.557956	-0.0936759
-0.459083	-0.1077
-0.483257	-0.105767
0.0894952	-0.0303184
-0.10581	-0.0136786
-0.266403	0.193614
-0.426424	0.325983
0.0352902	0.46897
-0.16159	0.204722
-0.258621	0.171345
-0.0940847	-0.107529
-0.199218	-0.337051
-0.456678	-0.377324
-0.309681	0.354052
-0.340461	0.508864
-0.419499	0.488781
-0.493245	0.480909
-0.398674	0.362278
-0.347803	0.348122
-0.295411	0.250756
-0.336402	0.188065
-0.290398	0.354939
-0.204874	0.616997
-0.342201	0.686447
-0.398117	0.70645
-0.385924	0.666675
-0.25872	0.53902
-0.348887	0.43264
-0.48766	0.618122
-0.423763	0.782935
-0.402312	0.830207
-0.371898	0.86976
-0.360057	0.831558
-0.37024	0.845522
-0.315317	0.689398
-0.237044	0.408148
-0.250773	0.504769
-0.0732314	0.576428
-0.167446	0.407431
-0.271166	0.423517
-0.257935	0.100507
-0.29328	-0.184238
-0.331093	-0.263515
-0.479283	-0.132551
-0.357343	-0.182987
-0.217427	0.0464628
-0.350976	0.106238
-0.390655	0.0277819
-0.474434	0.0103804
-0.482983	0.0156609
-0.481618	0.00397043
-0.358202	-0.0280392
-0.234774	0.0321749
-0.278028	0.381753
-0.374818	0.0228594
-0.432733	-0.093588
-0.516824	0.081515
-0.65814	-0.173803
-0.693272	0.0110652
-0.364348	-0.053797
-0.719278	0.0679941
-1.03943	0.142656
-1.31759	0.173591
-1.37351	0.0552025
-1.12081	-0.058941
-0.926158	0.0521762
-0.82851	0.262799
-0.749499	0.0596464
-0.607961	-0.201533
-0.322467	-0.213483
0.0494618	0.0029726
-0.0340284	0.033678
-0.095154	0.19734
-0.123713	0.114894
-0.155278	0.0931863
-0.334433	-0.0298314
-0.481399	0.00782208
-0.588853	-0.00928019
-0.756096	0.0869133
-0.578236	-0.00593164
-0.325248	-0.0571694
-0.528574	0.0516693
-0.679607	-0.206158
-0.669206	-0.0823928
-0.895118	-0.348942
-0.78059	-0.17462
-1.07967	-0.218071
-0.959899	-0.112314
-0.885456	-0.135495
-1.06242	-0.0436427
-1.11854	0.222751
-0.675948	0.861855
-0.686287	1.05972
-0.524683	1.0593
-0.414196	1.07269
-0.370402	1.14566
-0.260455	1.08102
-0.179782	1.15188
-0.0642752	1.18785
-0.0476533	1.11171
0.0428517	0.845529
-0.0852136	0.890058
-0.267471	0.749919
-0.43448	0.741891
-0.377838	0.633306
-0.18422	0.627358
-0.110736	0.942679
0.0457345	1.31705
0.181069	1.48612
0.0955277	1.44501
0.126874	1.37713
0.184447	1.47017
0.101052	1.41541
0.0886823	1.4612
0.0969764	1.51845
0.148986	1.48485
0.148997	1.46823
0.0921536	1.45253
0.146528	1.48602
0.0705102	1.53839
0.0723003	1.41316
0.0873811	1.36022
0.0179592	1.45775
-0.762348	-0.109378
-0.806943	-0.343282
-0.503668	-0.326131
-0.530054	-0.375549
-0.590711	-0.695163
-0.53501	-0.359941
-0.687642	-0.283369
-0.706737	-0.248766
-0.962712	-0.302227
-0.832209	0.0207077
-0.706116	-0.371693
-0.722677	-0.30037
-0.249933	-0.062737
-0.398435	-0.251683
-0.477044	-0.316877
-0.592262	-0.334056
-0.738106	-0.348072
-0.626006	-0.170319
-0.232719	-0.166114
0.0763419	-0.0591679
0.00691483	-0.0212996
-0.374923	-0.326752
-0.473956	-0.443041
-0.382087	-0.30819
0.0196367	-0.236615
-0.0798975	0.0791717
-0.298748	-0.144997
-0.326889	-0.308504
-0.430242	-0.293648
-0.368012	-0.201082
-0.617017	-0.199191
-0.53112	-0.343649
-0.580792	-0.200556
-0.673726	0.0284795
-0.736949	0.124096
-0.19482	0.118594
-0.244252	0.0540837
-0.245364	-0.0327856
-0.233362	-0.125782
-0.276499	-0.122335
-0.369818	-0.0544008
-0.466771	-0.0325344
-0.521578	-0.0956381
-0.453715	-0.138041
-0.395827	-0.0823342
-0.202189	-0.0969799
-0.113902	-0.00828431
-0.11016	-0.0545229
-0.109054	-0.107448
-0.184167	-0.0539418
-0.170951	-0.143081
-0.245504	-0.142151
-0.358354	-0.144025
-0.369727	-0.153346
-0.376179	-0.159548
-0.39411	-0.120369
-0.394539	-0.129136
-0.446134	0.0157602
-0.390986	0.10037
-0.370779	0.129219
-0.301181	0.097576
-0.245541	0.133345
-0.29301	0.0607873
-0.243478	0.0849192
-0.222806	0.127153
-0.173308	0.146249
-0.189926	0.167709
-0.178102	0.308091
-0.150307	0.103357
0.0678449	0.162709
-0.382259	-0.0371548
-0.554097	0.0224467
-0.646611	0.00993636
-0.670352	-0.0619941
-0.724371	-0.124346
-0.73503	-0.198683
-0.689057	-0.344737
-0.67053	-0.406262
-0.59112	-0.465669
-0.590379	-0.474014
-0.617753	-0.392513
-0.564307	-0.333216
-0.443584	-0.284909
-0.424051	-0.258089
-0.569874	-0.199942
-0.757746	-0.0942708
-1.00981	-0.00416541
-1.14373	-0.0375448
-0.859771	0.0943329
-0.975716	0.411961
-0.990881	0.345186
-0.79082	0.188647
-0.694845	0.0459922
-0.636316	-0.0179609
-0.560641	-0.106449
-0.584065	-0.0254576
-0.440939	0.056065
-0.216284	0.0790893
-0.214441	0.039855
-0.19368	0.104089
-0.193934	0.124275
-0.0904415	0.269633
0.0445731	0.22651
-0.14316	0.272806
-0.139376	0.134302
-0.255926	0.189694
-0.214608	0.156442
-0.153405	0.140013
0.0739695	-0.0344199
0.119631	-0.0582721
0.28766	-0.0427369
0.379141	-0.0345787
0.357517	-0.00445138
0.357153	0.0213304
0.313564	-0.178441
0.0711911	-0.210436
-0.286213	-0.249157
-0.44668	-0.273488
-0.566735	-0.205667
-0.657895	-0.0996525
-0.702624	0.0498774
-0.703518	0.214496
-0.676186	0.328059
-0.698871	0.542817
-0.717221	0.64829
-0.529339	0.737585
-0.221421	0.376278
-0.189255	0.383079
-0.42188	0.400181
-0.309404	0.262981
-0.335814	0.122772
-0.437342	0.0678467
-0.432868	-0.00271351
-0.445212	-0.0311894
-0.356484	-0.0973434
-0.263756	-0.0812358
-0.172399	0.00185618
-0.158279	0.016408
-0.17471	0.0084686
-0.116368	0.0160028
-0.110541	-0.19689
-0.181164	-0.0587472
-0.376457	0.0945686
-0.371212	-0.0251177
-0.0703567	-0.0979167
-0.126044	0.00114334
-0.222109	-0.108524
-0.369186	-0.0389418
-0.654933	-0.335023
-0.521193	-0.556472
-0.489409	-0.386092
-0.619762	0.301567
-0.876977	0.36344
-0.840163	0.249957
-0.353353	0.220112
-0.260761	0.0714871
-0.227805	0.0776763
-0.434319	0.363703
-0.653784	0.821555
-0.529785	0.93957
-0.514471	1.01087
-0.498368	1.03764
-0.459051	0.988163
-0.455111	0.888041
-0.502381	0.749372
-0.526102	0.560606
-0.616403	0.443291
-0.537373	0.282359
-0.352508	0.0417022
-0.137052	0.0985984
-0.18994	0.203711
-0.276116	0.0894409
-0.426776	-0.098284
-0.624051	-0.174536
-0.547571	-0.183124
-0.235171	0.0967071
-0.487883	-0.0979891
-0.518943	-0.173827
-0.500936	-0.215843
-0.536082	-0.163007
-0.479723	-0.200417
-0.438011	-0.203412
-0.41054	-0.208628
-0.279323	-0.158669
-0.116167	-0.138375
0.00324778	-0.140862
0.091989	-0.158761
-0.0563611	0.057406
-0.0469668	0.142047
-0.247207	0.0695454
-0.377544	-0.0271488
-0.377909	-0.158377
-0.373447	-0.126389
-0.360293	-0.116159
-0.36555	0.0251885
-0.361047	0.176075
-0.424224	0.439894
-0.46263	0.291906
-0.381699	0.31736
-0.348947	0.329632
-0.329726	0.21125
-0.261763	0.122171
-0.223113	0.187717
-0.0821138	0.172943
-0.142357	0.278441
-0.0799183	0.95121
0.0316088	1.15181
-0.0767407	1.10969
-0.104342	0.981337
-0.190951	0.868743
-0.269164	0.763806
-0.291545	0.733676
-0.224971	0.659179
-0.178283	0.398933
-0.220433	0.365542
-0.133246	0.351943
-0.33637	0.379365
-0.520681	0.338184
-0.640196	0.264984
-0.770658	0.214606
-0.562424	0.30448
-0.702562	0.256962
-0.789387	0.245367
-0.861444	0.239571
-1.02185	0.174229
-1.08289	0.168424
-1.12783	0.0914413
-1.12829	0.0764167
-1.15325	-0.0116614
-1.15333	-0.0669952
-1.13111	-0.0662595
-1.20101	0.0493198
-1.23026	0.134606
-1.19707	0.223934
-1.09364	0.328198
-0.833485	0.463951
-0.504304	0.419101
-0.387218	0.264876
-0.447663	0.257433
-0.457252	0.285964
-0.496216	0.380999
-0.282123	0.248696
-0.295867	0.178731
-0.228279	0.246187
-0.273676	0.192628
-0.728215	0.129411
-0.721932	-0.0395799
-0.721481	-0.199295
-0.541012	-0.103038
-0.690329	-0.153217
-0.596202	-0.115553
-0.770347	-0.0538441
-0.837817	-0.265661
-0.839485	-0.219852
-0.553258	-0.0334985
-0.667199	-0.0876373
-0.814965	-0.0215825
-0.733885	-0.0372647
-0.712837	0.0974679
-0.633748	0.375304
-0.627488	0.533531
-0.664115	0.954402
-0.69953	1.01343
-0.746671	1.16401
-0.849825	1.21175
-0.717655	1.18702
-0.461777	0.950372
-0.370202	0.848264
-0.20258	0.543406
-0.348969	0.357056
-0.515447	0.332702
-0.606836	0.275202
-0.807721	0.0588496
-0.858176	-0.127382
-1.0717	-0.198462
-1.17927	-0.147501
-1.0741	-0.270768
-1.25299	-0.0237812
-1.2403	-0.142681
-1.15579	-0.178702
-0.772364	0.275335
-0.534308	0.114969
-0.420149	0.0284734
-0.472501	-0.151159
-0.357295	0.133748
-0.184046	0.270119
-0.263498	0.167248
-0.269616	0.258644
-0.0986839	0.157588
0.0116431	0.17688
0.0966621	0.258584
-0.17409	0.14411
-0.340572	-0.105582
-0.24612	-0.230359
-0.204592	-0.32964
-0.231398	-0.385187
-0.186108	-0.347141
-0.0312427	-0.401698
0.0854282	-0.315497
0.30543	-0.174461
0.392687	-0.0637908
0.496236	-0.153077
0.621983	-0.17403
0.502182	-0.210722
0.370324	-0.182737
0.147913	-0.106991
-0.00906422	-0.229487
-0.117614	-0.17119
-0.392635	-0.0623312
-0.368379	-0.00584068
-0.332051	0.113056
-0.0122748	-0.0159703
-0.165325	0.0429673
-0.41568	-0.237192
-0.31478	-0.239282
-0.391858	-0.185714
-0.592103	-0.280601
-0.448584	-0.469235
0.0737038	-0.937792
-0.123211	-0.644418
0.0929886	0.030906
-0.014764	0.236481
-0.272495	0.0923879
-0.272195	0.14848
-0.304992	0.0875537
-0.344269	0.0449329
-0.350717	0.0181255
-0.498529	0.0530536
-0.338607	-0.0575465
-0.116116	-0.0644208
-0.358666	-0.198782
-0.348324	-0.196952
-0.453689	0.0512899
-0.295675	-0.0505685
-0.391119	-0.437361
-0.538447	-0.794843
-0.637997	-0.550446
-0.568267	-0.175615
-0.467924	-0.284224
-0.21461	-0.18062
-0.192945	-0.297561
-0.126012	-0.437752
0.0196497	-0.358974
-0.262646	-0.342745
-0.557672	-0.281015
-0.469431	-0.308446
-0.425789	-0.218492
-0.548679	0.0290348
-0.576459	-0.273233
-0.7674	-0.127417
-0.443663	-0.181935
-0.290033	-0.111263
-0.279136	-0.184067
-0.0984187	0.0292569
-0.214035	0.100769
-0.382809	-0.0287965
-0.499311	-0.0786853
-0.608613	-0.0683042
-0.568808	-0.106588
-0.707102	-0.0193929
-0.681249	-0.177012
-0.605942	-0.00629627
-0.570206	-0.00862279
-0.544274	-0.0537678
-0.474066	-0.00456332
-0.383223	0.092612
-0.66729	-0.182159
-0.741146	-0.0894153
-0.608169	-0.408403
-0.537378	-0.222188
0.254106	0.462849
0.438193	0.51539
0.33695	0.505356
-0.00842132	0.407475
-0.261473	0.0356624
-0.395697	-0.225357
-0.429693	0.201664
-0.806206	-0.0574565
-0.524056	-0.234165
-0.493781	-0.244883
-0.266005	-0.392546
-0.323586	-0.346869
-0.317006	-0.201293
-0.327356	-0.259844
-0.448704	-0.330678
-0.182711	-0.283884
-0.105105	-0.248182
-0.405976	-0.137549
-0.456237	-0.12838
-0.614827	-0.341751
-0.498066	-0.463351
-0.722996	-0.294824
-0.954629	-0.608528
-0.887005	-0.624101
-0.59947	-0.30896
-0.614446	0.177937
-0.382847	0.0174799
-0.471401	-0.221688
-0.67909	-0.430735
-1.0514	-0.632778
-0.902153	-0.542022
-0.684253	-0.038089
-0.559582	-0.0638456
-0.695651	-0.187144
-0.819517	-0.245756
-0.905564	-0.229463
-0.876882	-0.292839
-0.81379	-0.343671
-0.77627	-0.376712
-0.550722	-0.527237
-0.438464	-0.522549
-0.304321	-0.499166
-0.211691	-0.400944
0.0700568	-0.404725
0.314194	-0.421883
0.398195	-0.34074
0.441074	-0.350047
0.335625	-0.305545
0.234513	-0.34962
0.106446	-0.363857
-0.0406195	-0.358149
-0.113743	-0.324554
-0.156471	-0.271461
-0.183576	-0.202439
-0.134277	-0.136391
-0.165634	-0.0190306
-0.175742	-0.00171182
-0.158543	0.0271051
-0.12513	-0.0138117
-0.181208	-0.0153176
-0.253728	-0.0564273
-0.350515	-0.0702093
-0.340047	-0.113343
-0.426199	-0.0727779
-0.50896	-0.0532576
-0.090858	0.0420419
-0.472629	0.0236352
-0.605491	0.011734
-0.584256	0.148248
-0.460699	-0.00621257
-0.562691	0.0536688
-0.476972	-0.0689722
-0.816541	0.0054704
-0.654476	-0.231594
-0.697658	-0.0463199
-0.425234	0.228409
-0.332132	-0.0909569
-0.83131	-0.150235
-0.738164	-0.257733
-0.696984	-0.322607
-0.466619	-0.440853
-0.374382	-0.402114
-0.482617	-0.248989
-0.730127	-0.0839224
-1.0308	0.0475357
-0.683425	0.0160376
-0.998477	-0.022076
-0.818186	-0.0659829
-0.759708	-0.150983
-0.447603	-0.0840434
-0.865417	-0.321078
-0.677778	0.015179
-0.645669	0.169355
-0.515845	0.303745
-0.170511	0.490176
0.117963	0.69956
0.354809	0.614196
0.317978	0.419455
-0.148736	0.184664
-0.213685	0.00697831
-0.4839	-0.0732221
-0.530896	-0.0955242
-0.498821	-0.0908834
-0.380655	-0.134264
0.325992	-0.648816
0.0699545	-0.422348
0.0882427	-0.004963
0.444521	0.470494
0.645474	0.550119
0.571788	0.576307
0.474714	0.64077
0.338922	0.721194
0.326557	0.61879
0.442985	0.584292
0.599697	0.602944
0.705005	0.47207
0.805831	0.250834
0.960435	0.0655224
0.740996	-0.0540167
0.65029	-0.12368
0.202143	-0.21059
-0.0648709	-0.190324
-0.227703	-0.239266
-0.393995	-0.247136
-0.548694	-0.186739
-0.560578	-0.284019
-0.618346	-0.279152
-0.600726	-0.323887
-0.745409	-0.292282
-0.917903	-0.180597
-0.752817	-0.214478
-0.725215	-0.218486
-0.576001	-0.115888
-0.484923	-0.180249
-0.464108	-0.0622343
-0.558265	-0.201843
-0.67465	-0.21438
-0.561029	-0.222915
-0.887432	-0.1612
-0.843005	-0.134483
-0.747997	-0.376456
-0.504918	-0.181972
-0.63064	-0.250257
-0.427679	-0.278195
-0.441916	-0.30203
-0.3988	-0.270656
-0.561838	-0.0194115
-0.662078	-0.238029
-0.837802	-0.142893
-0.652062	-0.165572
-0.757413	-0.270614
-0.828486	-0.135024
-0.518706	-0.17408
-0.568995	-0.225536
-0.651214	-0.195938
