-2.81004	-10.6312
0.791298	-4.09566
-8.45292	-5.33003
-3.23826	1.55795
-4.08311	-10.9033
-12.8379	-9.00382
3.08592	1.39555
-0.494419	4.55755
5.82643	2.30582
12.7674	-1.12127
-2.97112	0.0304468
-1.54153	-4.04139
-6.09651	0.561364
-1.20959	-2.49763
-1.31694	0.245161
1.65899	-2.19213
1.04488	-1.45449
-0.567862	-10.843
-7.93421	-15.8953
-11.0235	-5.35675
3.08663	-10.5491
-8.65926	-4.78107
-7.62468	-6.4438
-12.6427	1.32585
3.7023	0.167826
4.79149	-3.59297
0.28676	-10.6724
-1.61266	-0.659977
-4.52412	-9.1558
-14.5386	-2.95674
0.300073	-1.7539
-3.36737	-2.49942
-3.0865	0.634511
-1.06715	-3.19797
-2.62773	-0.950317
-1.19795	-0.321678
-0.601859	-1.68044
-2.83161	-11.5399
-11.0982	-11.4255
-14.1542	4.6884
3.35981	-24.6009
-26.5196	-16.2265
-10.4771	0.21842
3.83278	-1.44905
-0.799403	-7.91778
-10.063	-9.65419
-12.2748	-5.93441
-10.1206	3.39275
3.45943	-9.32176
-9.91825	4.30117
5.90333	-6.4544
-6.71838	0.999457
1.74711	-0.453306
-0.342835	-2.97855
-4.33304	3.27198
1.71412	-0.97941
-1.13525	0.796062
0.602963	-9.34163
-9.75028	-22.8627
-19.7695	0.0283288
2.1702	-23.7064
-24.3322	-25.617
-22.087	-7.37203
-10.1557	-0.936403
-4.1979	-13.3972
-8.91314	-0.719292
2.0192	-3.39541
-4.66467	-12.6011
-5.35641	0.119624
-6.00543	-4.61632
-3.58385	-2.319
-1.99664	-7.41392
-8.33371	1.60622
2.2798	0.222812
2.67753	0.735569
0.716508	1.33852
1.00295	0.578467
1.00968	-10.3997
-5.70563	-3.49979
-4.06215	6.97815
2.72749	-16.5586
-10.1004	-11.983
-14.0598	-5.65587
-14.5179	-9.35056
-8.17091	-13.4981
-10.8094	3.99211
5.11301	-16.1886
-15.7845	-7.78227
-6.04317	-1.3588
-4.00156	3.75432
2.90388	-8.01626
-7.94982	0.718631
-0.372576	-0.778101
-2.5668	1.99387
2.02995	-1.03945
-0.876898	-0.383599
-0.634164	-1.0594
-0.825724	-14.9652
-12.934	-26.286
-20.0904	2.75197
2.75371	-8.89738
-15.4463	5.05887
-2.18674	-13.1817
-14.0829	-0.189596
-5.56998	5.64867
6.8678	-0.725192
4.5022	-8.63909
-3.69251	-4.63317
-3.05935	-5.80746
-0.819681	-2.2105
2.15045	-0.431522
-6.27074	-12.7221
-3.61316	-2.55608
-4.43247	-0.441032
-2.49401	-0.620683
-3.73481	-2.0863
-0.141605	-1.23357
-1.76396	-4.01969
-2.60792	-6.25523
-7.37494	-19.5633
-20.708	-17.9771
-17.3793	-3.59363
-5.93896	-17.1175
-23.6734	-10.1916
-12.3102	3.12357
6.79098	4.13854
6.37489	-10.0801
-5.72688	-8.21406
2.89086	-13.6346
-6.97782	-0.572606
1.20349	-1.22279
-5.44303	5.3472
-1.84774	-4.54908
-7.96684	0.56146
3.85759	1.13174
3.4899	1.58126
-0.518486	-1.56311
-1.15673	-24.8984
-24.8363	-12.3506
-15.8389	-6.88987
0.967933	-9.94059
-3.58708	-9.52837
-5.97437	2.8778
-12.1307	-3.65809
-7.8436	-16.5235
-13.1322	-7.8087
-17.4513	-9.31107
-14.2653	-2.00836
-5.58209	-4.10928
1.72123	-4.09041
-1.46905	-2.50154
-2.11471	1.34296
1.22355	-1.99496
-2.45478	1.43738
1.01622	-1.66676
-1.92321	0.317197
2.46533	-0.502026
1.29293	-9.06324
-10.871	2.27311
-0.717462	13.5349
16.1697	-24.1981
-18.9014	-22.0696
-21.2225	-8.18318
-5.05093	7.89467
11.547	-3.88627
-0.260988	-11.9619
-11.2062	-15.9645
-22.1224	3.32734
1.90486	-10.9437
-8.20181	4.58797
-0.315118	-13.9394
-1.87543	3.29128
-2.68811	2.33929
-5.80709	2.33567
2.7743	0.884733
2.15612	1.13699
-0.565897	-0.406271
-1.02254	-16.904
-16.8199	-2.78837
-3.47614	4.04685
1.85873	-29.95
-30.4117	-14.4919
-14.0483	-2.13642
-3.20663	-11.7226
-11.222	4.00719
3.98216	3.65631
7.01845	6.86459
-0.878015	-8.65381
-7.12719	-11.3043
-5.03019	-2.97214
9.80154	-2.81203
-12.754	3.52326
1.50957	-6.79169
-1.45145	-3.2464
-0.939121	-2.44411
-2.38393	1.63922
0.926278	-0.774698
-0.639891	-12.1131
-11.9525	-16.1166
-16.9584	3.80195
6.72829	-17.1287
-10.3672	-12.8749
-6.8595	-9.63232
-10.1056	11.501
11.9772	-18.2934
-21.6321	-2.11521
-1.11593	-4.18621
1.81594	-7.72768
-2.881	-9.12513
-5.52849	-4.95627
1.53466	-8.30801
-6.50781	-0.589506
-3.40556	-0.271509
-0.309384	-2.66976
0.466478	3.13409
1.71033	-2.51519
-1.0814	0.573598
-0.21739	-14.7783
-7.1179	-4.03661
-5.99196	7.39257
6.94339	-19.2685
-20.0975	-3.44037
-3.94202	-10.1263
-10.4603	-7.39571
-6.49589	-1.20592
-7.82434	-2.32536
-4.06002	-0.8793
-12.7405	-8.62993
-2.7737	8.04385
-0.16676	4.47864
-2.97285	-1.1361
-4.12602	-3.27684
-2.04859	-2.4392
-0.148059	5.11488
0.0995801	0.0443654
-0.0976773	-1.68785
1.60665	-0.643393
0.784217	-21.337
0.668352	-4.38887
-2.55661	-9.84979
0.00786897	3.09188
-7.19375	-1.67739
-19.9059	-13.264
-2.19814	-5.33498
3.73732	-3.00405
-6.01454	10.0557
0.86982	-4.82366
-4.22629	1.7892
8.32142	6.49884
10.8625	4.36002
-1.32759	2.75258
1.10502	1.34143
-0.537448	-2.04817
-2.02749	3.57374
0.522982	1.99412
-0.255771	-26.7665
-28.2622	-13.0171
-12.6325	5.48008
8.18418	-16.4472
-12.8468	-8.38156
-6.51624	2.20441
-1.37086	0.953902
-2.30933	4.0974
2.05439	10.9251
2.60595	9.29464
-1.43802	-3.54279
5.28896	3.65415
-1.52754	0.973973
-0.598298	-1.56648
-2.1397	4.35724
3.72563	-1.64658
-3.25907	-2.51158
-2.53316	1.6491
-0.208844	3.61032
-0.231521	0.173721
-1.18082	-22.9174
-21.3727	-19.2928
-20.1371	-3.99861
-20.9755	-19.0426
-22.324	-13.8033
-7.20415	9.67421
-1.60647	4.15175
-0.680771	-6.06053
-2.98757	2.74787
6.53759	-3.49829
-10.6751	-7.82056
-4.18207	-1.17941
1.50398	-0.809734
-4.55588	-4.71868
-0.693857	1.80146
-1.3975	-0.853302
1.15589	-1.94293
0.623311	-1.33991
-0.996408	0.670692
-0.653519	-1.01557
-0.640764	-16.6009
-13.7744	8.79313
7.0881	-6.64334
-3.14442	-18.471
-21.6071	-2.07919
-2.66281	-17.6675
-15.1155	-3.35707
-2.42307	1.88467
0.0220883	-0.624823
-2.68457	-14.1333
-13.6921	-5.23286
-5.31256	-1.00041
-1.03806	1.2316
0.9896	-7.90037
-7.33545	0.991895
0.402093	-2.71986
-3.11935	0.730162
1.08457	1.45615
2.21649	-2.79062
-0.576873	-0.181618
0.309195	-7.27008
-8.24544	-16.3992
-21.5201	2.18642
2.09211	-17.5238
-23.4045	-1.93686
1.10162	0.0858114
-3.29011	-6.29528
-5.81392	-11.8895
-8.10578	-4.30456
-4.01315	-10.8491
-8.5125	-11.9724
-7.86158	-5.1516
-6.52283	-6.14571
-7.18828	4.4558
-4.28116	5.49852
0.248839	0.691731
-0.185986	4.23431
-2.27561	-2.09228
-0.086756	-0.189518
0.820818	0.75398
1.76757	-30.6143
-27.8507	-11.0284
-12.1739	2.80367
-1.09784	-7.70018
-8.97906	-15.8685
-3.80701	1.94255
-1.54955	2.00986
-7.05833	-6.7314
-0.18321	-1.35701
-3.96973	-4.21425
3.58185	-1.24379
-7.35089	-4.46538
-5.47128	2.61265
-2.61116	8.30437
-4.53374	-3.59892
-4.27037	-1.9831
0.178619	-1.11232
-2.56784	2.56304
2.00845	0.316314
-1.07582	0.427037
-0.389151	-11.7254
-11.3344	-14.8262
-12.949	-1.40623
5.16267	-15.5002
-17.483	-18.4687
-5.57438	3.25002
4.98048	7.27456
-0.156073	7.86235
3.43982	4.39504
10.8937	1.8747
-6.55888	-8.04014
-1.73017	1.9639
-5.98332	-3.56083
5.44772	-0.518908
-3.56708	-4.40584
2.0264	-3.72156
-9.41529	0.605057
0.391714	-5.21924
-1.71293	-1.72663
-3.6899	-1.23762
1.8479	-15.3879
-14.1662	-9.83252
-12.0788	1.97043
0.244129	-26.9337
-22.6101	-4.95615
-4.81207	-0.320363
-5.74846	9.73381
9.65301	-13.8743
-12.4714	-5.38795
-7.19135	0.240843
3.01865	-7.55789
-6.47161	-8.85662
-4.84809	1.94082
-1.73146	-3.09275
-3.32686	-2.94875
2.11275	0.92722
0.242107	-1.27257
0.391289	-5.68681
-1.3367	0.608116
1.01889	0.471836
0.978347	-27.6225
-27.7546	-6.95771
-10.9269	-10.3818
-1.89387	-1.50093
-1.21782	-6.74896
-10.9525	4.34284
6.78896	-3.99374
4.89443	-5.69813
4.1074	3.14183
-8.56597	-2.23829
-4.81888	-2.5112
-0.51532	-5.71857
-4.30785	-2.00671
5.02696	1.44683
3.96919	-6.35816
2.50776	8.88959
-2.23831	-2.57518
3.00833	4.08972
-2.64963	7.09167
-4.17256	-6.73761
-14.0894	-12.024
-8.93625	-5.88113
-7.60546	-9.51458
-11.281	2.39835
5.7816	-4.30251
-7.8124	-3.55578
-2.39921	0.654184
-0.888153	-2.04729
-2.45649	-1.8744
-2.99436	-0.479171
-1.59841	-2.01231
0.394766	-16.1899
-16.3139	-17.6184
-18.6069	3.44016
-1.79894	-7.78545
-9.96577	-5.53979
-3.86651	-7.53289
-10.2604	-7.24868
-4.07968	12.1273
9.12148	-3.18575
0.977362	-8.64358
-11.4887	-3.95001
-6.43056	-4.70629
-2.70011	2.52337
2.93847	-5.55756
-3.86093	6.07073
4.63557	-3.97464
-3.35634	0.998993
2.77726	-0.948233
0.9086	-3.25028
-4.72568	-2.30559
-0.973565	-6.83461
-8.85808	-6.06707
-5.60186	6.11629
-4.32393	-13.1054
-4.02414	-4.23704
-2.23339	3.01326
4.9664	-1.74337
-2.46666	1.92391
2.13968	5.42425
4.78452	-10.3531
-11.7349	-0.313371
-12.8149	-1.69999
-0.401185	1.17805
-6.19236	-1.93244
5.34973	1.33211
-6.49677	-5.04712
-1.64295	-0.959094
0.810637	0.870402
-5.80589	-1.97366
1.52832	-2.38239
-2.16123	-16.5656
-15.5481	12.0017
11.4017	2.46397
2.24245	-23.3766
-23.6398	-4.74555
-4.13106	-17.7183
-14.621	-6.72292
-6.00511	1.09114
1.2756	1.74355
-1.2749	-13.9236
-12.0223	-7.51536
-5.18469	1.05044
-1.17404	3.35697
2.62104	-7.53244
-7.72194	0.732571
0.112977	-2.08169
-4.16881	2.41468
2.44033	-1.09259
-1.8405	0.0208074
0.89987	0.589055
-0.661404	-9.30366
-7.90098	-15.6321
-11.5122	11.0386
9.76659	-7.08254
-4.75417	1.56312
-3.297	-4.94199
-7.71999	-10.6299
-12.9812	-4.47391
4.8873	-4.93946
-5.16465	-11.2169
-12.8699	-10.7388
-11.583	1.02264
0.145338	-3.47953
-3.05804	-5.19293
-1.40306	3.28966
9.92807	-2.34666
-2.252	-0.532806
-1.82243	-1.54334
-5.32636	-1.36389
-2.0096	0.148163
1.00344	-26.3909
-27.1473	-9.95424
-3.4767	-4.42899
0.298879	-3.73168
-6.99499	-12.8964
-9.7819	-12.439
-13.8447	1.81011
0.153134	7.96986
10.2866	-1.63053
-4.51913	-10.5027
-10.8887	1.22874
2.55861	-14.9388
-12.0211	2.32359
-0.925957	1.6748
3.16927	-2.08986
-4.41923	-5.05537
-1.40179	0.850515
-0.381436	-1.47914
-0.957746	-1.34307
-0.229187	-0.316535
0.193381	-7.03027
-4.00043	-9.97301
-10.29	7.52626
8.91261	-13.7828
-15.5325	-9.65058
-10.8966	-20.664
-18.1796	-10.4533
-12.9601	14.6131
10.9173	-5.14774
-1.90522	-20.7693
-9.39391	-3.69579
-6.57406	-1.92751
2.08379	-2.10439
-2.8657	-7.84715
-6.35874	1.16068
2.01382	-5.0881
-5.20928	3.38952
2.46804	1.16833
0.926696	0.308383
-0.724437	-1.23478
-1.05971	-14.2226
-10.9309	-3.03845
-4.89535	1.53936
2.32113	-26.5275
-28.8635	-13.5901
-13.4529	-9.48816
-11.7153	-0.134627
-10.8957	-9.86048
-11.7259	0.761241
-8.46912	-3.37946
-12.3113	-19.5372
-16.8288	-4.55452
4.51452	2.0723
-1.64208	0.222889
-7.41575	4.94938
-5.47083	-0.477029
1.66491	1.16442
2.38566	3.27966
0.356837	0.812682
0.140308	-1.83839
-0.499787	-27.7542
-29.0794	-9.37675
-13.7568	-1.3743
-0.509138	-15.1877
-13.3506	-12.232
-9.7786	2.80933
4.93207	2.90181
7.04889	-6.64686
-2.3118	7.77021
0.668048	9.64464
1.55871	-3.00755
10.3485	7.46353
-11.2543	-0.374011
-0.353656	-0.0688902
-8.66648	-1.12114
5.02679	-6.40184
-6.5154	0.485721
6.5058	-5.08544
-0.442504	1.68044
0.133692	-0.360911
-1.57417	-32.2298
-32.3579	-9.37995
-11.6347	-9.52568
-7.39665	-4.45698
-6.53766	-9.1444
-13.6665	-4.83544
-9.7997	1.10687
7.16878	-5.92844
-6.09821	-7.54197
-12.2258	-4.43201
1.13425	-8.30452
-5.79012	-7.95864
-16.5194	-5.76734
-7.40206	6.53803
6.95948	9.09252
8.23544	0.204023
0.83412	5.12805
3.45276	-1.81063
-2.88989	1.19224
-0.588947	-0.742604
-0.784923	-6.44735
-6.91861	-11.7561
-13.368	-1.0547
-9.92041	-13.5585
-10.2266	-5.62373
-8.56172	-13.4916
-8.32218	-6.02623
-5.45285	6.85513
-0.142989	-3.96695
-1.7307	-6.26117
-0.914091	-4.27211
-9.92064	3.32118
5.07537	-11.1356
-11.5616	5.7584
4.63453	-3.92571
-2.88592	-0.604326
-0.355887	-1.97715
2.63577	-2.31666
-1.12495	1.58458
2.34802	1.08782
0.695872	-12.9008
-11.17	-8.17777
-11.1944	5.87256
2.40927	-9.73436
-9.75503	-21.0629
-22.8699	-14.8514
-13.4778	-3.03598
-1.98367	-1.99499
-8.16965	0.101377
-1.28073	-3.69892
-6.50858	-8.21976
0.234556	-6.28164
-12.5732	4.1212
4.0448	0.0961046
3.04881	-1.73922
1.01724	4.16321
4.10097	0.477903
0.255719	0.556025
-1.35804	-0.999318
0.825597	-0.2338
-1.16717	-8.84793
-13.2317	4.14829
-4.53981	-2.11827
-1.17248	-16.0754
-14.9361	-19.255
-15.8859	-7.26975
-12.1866	12.8257
10.5529	6.40364
8.21848	-5.35454
0.319245	-10.5036
-9.79935	-12.4494
-10.99	-5.53246
-13.7677	7.04394
1.13531	-7.54526
-5.96719	6.59514
0.542306	-7.15115
-5.37548	1.74024
3.21036	-0.630648
-1.34412	1.7279
1.55788	-0.228916
0.492496	-15.6523
-13.6655	-1.36117
-3.44229	5.76075
5.24442	-22.8602
-18.4994	-9.93819
-13.1616	0.703288
-0.0796844	-6.02771
-0.616654	-7.46486
-11.6657	-2.13717
-11.6493	-8.48816
-0.901035	-3.85493
0.372514	-15.3711
0.767637	-3.08305
-1.23759	-2.42077
-3.54035	4.65429
0.376729	-1.62054
0.918553	-2.00323
-2.53488	-2.55918
-3.6517	-0.214237
-0.0158662	-0.299934
-0.397814	-15.9305
-15.6714	-15.9895
-16.7338	-4.36208
-4.8171	-18.7237
-18.9431	1.92117
-0.34157	4.42232
3.17888	-2.11738
-2.97835	-14.7022
-16.3991	-6.98754
-5.52092	-3.05385
-1.92533	-5.02329
-9.84242	3.3535
-5.31918	2.05298
-1.30873	-6.73569
-2.29132	-3.52904
2.76251	-5.57585
-3.56222	-0.0198943
0.293458	-0.0776088
-2.30965	-1.59648
0.35876	0.89531
-0.803959	-8.47369
-8.16293	-17.1572
-13.4451	10.7747
10.7503	-10.9725
-9.39188	-7.09557
-9.0338	0.30184
-11.4278	-0.129173
7.00971	-5.38135
-10.1683	1.86929
-2.58416	-0.526608
-2.50441	-0.39431
3.99934	1.36485
-8.94682	0.0256249
-1.80672	0.62707
2.08132	-8.48127
-4.51468	-2.53629
2.13875	2.39741
3.92804	-3.72605
-1.65075	-4.40509
-4.39363	4.03357
9.18704	0.361294
-5.04477	3.80946
-0.610651	3.74333
10.4467	7.795
-8.68251	0.977895
-11.3849	0.734859
-4.90659	-6.40867
0.710367	5.32283
-2.79948	-2.68442
5.06138	6.78972
-5.10044	0.879271
-1.45416	-1.98584
-3.9521	-1.10097
-5.27405	0.732156
-0.286948	-7.41306
-7.26166	-3.31592
-0.487869	11.613
8.33644	-2.46544
-4.56303	-9.1403
-9.13143	-13.4956
-2.40372	-5.45752
-0.374597	-0.862901
-0.794634	-2.18886
-5.7254	-7.10734
-8.03812	-3.01451
-1.79153	-13.553
-13.2598	-4.26059
-5.08483	0.00984248
5.35404	-0.600398
2.37381	2.40307
5.11745	4.59582
4.90737	0.120004
-0.0165934	0.353049
0.496776	-1.90305
0.481889	-3.94647
-3.96607	-9.12792
-7.31482	-17.7943
-15.1807	-15.3761
-16.2378	0.360971
-1.69049	-0.359344
-5.68354	-17.0182
-23.2993	1.63506
5.74336	-8.89096
-2.66461	-0.709298
2.60983	-7.66753
-9.88603	-11.2301
-13.1635	-5.79454
-1.92349	-0.0178693
1.28383	-3.40636
-4.22579	2.16968
2.19605	-0.990537
-1.97074	-0.593851
-0.10422	-0.797075
-1.17486	-0.079423
-0.690341	-17.2706
-16.6992	-6.2541
-6.52709	-3.95053
-5.53524	-29.7203
-31.9811	2.2723
1.7676	1.26335
-1.44591	-11.6462
-19.444	-15.0583
4.55499	-0.199382
-6.45796	-4.4389
-6.91632	-9.97423
-12.6189	-6.36544
-13.149	-11.055
-9.78994	-7.26851
-1.84571	-2.85806
-4.05993	2.15191
-1.90206	-1.37286
-1.59043	-6.72627
-5.16792	-2.24907
0.322786	-0.104881
-2.90787	-11.1878
-12.4981	-9.65643
-14.3332	5.99444
4.26996	-6.24903
-10.6358	-4.97157
-14.7133	8.77282
-0.46769	-4.06601
-1.35417	-6.41164
3.07175	-0.743098
12.2714	-4.80622
3.60914	-0.131086
1.94258	-0.249109
-2.23931	-1.94293
7.44789	7.83937
4.33446	4.66125
-0.726915	-2.75006
0.380779	2.71471
2.37144	-0.975936
1.0103	0.359925
-0.345979	-1.02966
-0.137795	-16.105
-3.00932	-15.3874
-10.2707	-7.91211
-5.47212	-13.4281
-10.7416	-2.60987
-12.7855	-9.90261
-8.6244	-7.10449
-14.1265	-6.0091
-5.23288	-9.25909
-6.34069	6.12737
-3.02627	-16.3491
-6.02928	3.28695
-1.50367	-14.0505
-13.908	2.88636
3.15539	3.40301
4.35748	1.65476
-0.521839	-1.54065
0.513269	0.186719
1.43723	-0.0834081
0.627297	-1.53169
-1.87465	-14.9044
-15.3824	-9.24411
-13.2324	-4.33448
-5.15769	-18.0996
-15.7106	-11.6214
-11.3011	-1.30569
-5.00036	-1.65213
-4.69307	1.17715
5.20872	-11.445
-8.86543	-26.8934
-26.9585	6.58269
0.908775	-9.96237
-11.0642	-0.393241
1.92693	-3.57448
1.46406	-1.87668
1.82177	-4.70994
-4.13247	0.114601
1.99403	-3.37102
-2.15429	-0.932497
-0.293758	-0.785361
-0.365848	-8.09165
-8.48436	-17.9717
-21.4997	-11.9312
-16.962	-14.1292
-12.6098	1.21852
2.65595	-8.07636
-7.35352	-14.2688
-12.8363	13.6301
17.4648	-5.28795
-6.49469	0.545486
0.725678	-9.77107
-8.84507	-2.92634
-1.49838	6.69828
-10.6971	-1.78142
2.12067	-2.5459
-0.521348	-3.67253
-1.18308	3.71707
-0.922239	0.544823
0.403648	-1.52887
3.15276	-0.660004
-1.25097	-29.4831
-26.8936	-4.13636
2.38664	-1.79143
6.34159	-18.9817
-24.8133	-11.1872
-12.0193	-13.824
-15.4332	-17.2714
-16.6156	-3.18801
-0.116706	-3.34459
-8.77199	-5.33144
4.08225	-8.42197
-8.32504	-10.2585
-7.67322	-0.512068
-0.829496	-2.11144
-3.57389	5.7387
5.13587	1.20941
0.888932	-1.36729
-0.902408	-0.964698
0.307932	-2.94221
-3.15384	-2.50516
-0.973215	-14.9915
-17.0324	-11.7929
-14.7738	-0.277388
-5.91483	-13.5
-19.7517	-8.23688
-6.30468	-4.23087
-12.2148	-19.4985
-21.4038	2.81694
-0.512905	-2.88493
-0.72951	-7.12509
-2.85825	-5.08599
-6.11009	-2.9087
-9.02937	-0.512506
3.52897	-0.635111
-7.93945	2.37509
3.48669	1.49186
0.676258	2.42262
0.813002	-1.92262
1.36092	-3.88666
-1.17323	0.654255
1.16852	-7.4791
-6.95742	-6.81159
-7.64133	-22.3946
-21.9995	-13.4622
-14.8349	1.16136
4.64836	-21.5695
-20.4224	-20.5613
-18.9572	6.91277
3.86311	-4.04964
1.02529	0.459292
-2.57562	-14.2452
-12.9851	-2.00867
0.827721	-5.10768
-3.43377	-5.10025
-5.66485	0.754104
2.04498	-4.39724
-4.80994	0.438541
0.0581868	-1.48485
-1.21477	0.617751
-0.0454324	0.380386
0.11345	-14.1206
-14.7295	-26.0266
-22.7377	-2.32218
-1.91325	-4.42927
-6.23619	-1.63419
-1.12492	-5.86121
-11.4004	3.92959
-1.33584	-1.40103
-2.43749	-0.376236
3.75161	-3.47977
5.48438	6.11032
1.71324	-3.80266
-2.46204	-7.34332
0.17234	5.18819
0.872658	6.36586
-1.94259	-1.74811
2.48927	2.61116
0.368972	-0.161619
3.80886	2.58354
-1.29987	-2.75996
1.4233	-20.1239
-20.7808	-22.2044
-19.2433	2.09259
0.889826	3.85617
1.39055	-3.7736
2.43041	3.21651
0.881134	2.97482
-3.26302	-4.92364
-2.88332	-9.76113
-5.39466	8.14952
3.73486	-1.28436
4.18758	-3.66867
-0.749934	-9.53953
-1.67921	2.53666
3.84653	0.455557
5.76724	1.83273
-5.77239	-4.60676
2.80071	2.31954
-2.96005	1.91171
0.284232	-4.14354
-0.475078	4.44535
4.6139	5.20666
-1.51968	-3.88401
1.176	-7.90529
0.700891	6.74654
-3.78865	-6.51643
-3.22418	-1.6519
-1.69626	5.18724
0.0827984	1.8509
-0.568056	3.20025
4.42352	2.8239
-0.431267	0.239011
2.45469	-24.4347
-29.2911	-11.4631
-14.306	-4.74392
-3.83721	-12.4634
-14.6395	-1.95508
-2.12875	9.07051
1.24635	-3.86226
-5.37476	4.42188
5.07351	2.04588
-3.81664	-8.29325
-7.32662	1.86403
4.69138	1.04999
-3.99263	2.58585
2.42071	8.44351
-0.328557	-0.0929076
-2.06805	-0.236077
1.34762	-0.934072
1.09207	-2.64595
-3.34631	0.547458
0.823605	0.35708
1.1969	-21.9774
-20.7087	-11.4092
-18.9788	0.784755
1.85684	-6.47023
-2.59893	-4.29524
-0.135936	-2.48691
2.30697	-4.80299
-8.93121	-10.117
-2.53436	0.983506
-0.595544	-8.11888
0.137359	7.71948
0.890799	-3.50585
-2.96771	-6.26651
-6.1325	-3.26842
-11.6438	1.53942
2.47078	-5.31562
-1.50281	1.22574
3.44952	-2.90553
-3.23356	0.460552
0.332203	-1.43319
-1.48485	-10.0683
-7.18662	-24.1968
-20.9357	-1.08
5.7564	-1.37597
-5.60171	-4.41793
0.321185	-6.92099
-10.3021	-9.26048
-6.15184	-0.387101
3.09194	3.28797
-0.628023	-12.3791
7.66053	-7.35462
-9.35297	-14.0974
-8.74158	0.296925
4.39016	-4.78197
-7.00849	4.9681
2.06922	-2.94388
-4.35835	-0.755454
-0.808122	-1.95447
-4.13958	-1.02563
-2.75533	0.238279
-0.93198	-11.6529
-13.2273	-5.97263
-2.83663	-3.05903
-5.04461	-6.88859
-2.78122	-13.7457
-14.3236	3.33126
-0.674616	7.19745
7.98945	4.39582
-7.31097	-1.16528
-1.00714	-3.85832
2.29617	-2.11146
-0.178298	-8.29476
-3.96177	-1.28178
-1.77105	-4.59435
-7.05693	6.27267
5.80255	-1.7449
-1.76497	-1.94185
-1.84967	-1.00608
-1.13745	-0.597642
-0.765189	0.0561971
0.713074	-8.28704
-8.85845	-10.7601
-10.8282	5.91812
7.63438	-11.9833
-12.0497	-1.3789
-2.7789	-12.4673
-10.2432	-30.8213
-9.2868	-0.946131
-12.5724	0.439919
3.38891	-16.9848
-17.0561	-1.85511
-3.0716	-11.2345
-10.8503	5.3355
3.23775	-0.581697
0.0833901	6.19363
5.64502	-2.4956
-2.80912	1.79617
0.961452	-2.89763
-3.70388	-2.29728
-3.21283	-0.216647
-0.778605	-4.54288
-5.15105	-13.601
-12.2283	1.53976
0.203653	-24.6496
-25.7774	2.76342
5.17505	-6.33141
-6.09505	-17.9513
-5.22217	-14.6923
-5.5235	-6.3675
0.62984	-3.71006
-8.89508	-3.25021
-10.9757	-3.93022
0.217965	3.64589
4.64958	-4.1634
-6.93681	-4.12386
4.47171	-4.41105
-3.67929	4.35658
4.74136	2.00879
-3.64512	-2.36595
0.373375	-0.183627
0.845985	-19.8264
-20.9666	-16.1192
-16.9976	5.0654
-2.499	-6.90924
-6.40792	-2.06941
-2.47497	-5.16208
-10.2889	-1.08337
-1.49637	-15.8702
-11.1562	-14.3558
-10.3361	-1.25256
-2.21096	-2.16085
-1.61914	-3.41337
0.0361112	-2.12702
-4.75578	7.05157
7.01995	4.1157
1.2391	-3.67156
-3.14089	2.47854
1.06411	-2.64765
-3.4239	0.438706
0.268321	-0.776993
-0.311164	-17.0993
-16.6542	-15.2336
-15.2469	-3.69745
-4.35733	-5.28408
-4.89938	-7.12133
-2.87443	5.96674
12.3834	-2.25234
-10.3525	-13.801
-12.4599	-5.46249
-1.47713	-2.50609
-3.62609	-5.06941
4.45904	0.766932
1.8758	1.14961
-4.71668	-5.54509
-5.00665	2.59019
4.10601	0.755
0.330094	2.04088
1.78804	-2.02067
0.483346	-0.720895
-1.03545	-0.619881
-0.606536	-15.7054
-16.853	-25.0323
-24.7799	-6.49608
-5.64129	-13.5945
-13.9979	-10.3165
-11.4824	0.109809
-2.36853	3.67566
2.05934	1.42479
-3.95895	-14.9427
-14.1522	-7.37415
-6.21202	-1.19416
-8.83546	-5.79835
-9.76455	-5.47353
-3.97834	1.74256
-7.78086	4.87551
8.09647	-0.822893
1.20396	-4.25645
-3.42949	0.519921
0.01278	-1.23367
-0.285545	-0.124339
-0.531738	-13.4953
-17.6572	-13.3287
-10.7838	-4.8629
-4.30468	-21.2759
-23.9772	-2.73478
-3.06627	1.01368
-2.0871	-6.79563
-10.2529	-7.99639
-7.79976	-0.686906
-4.70595	0.207457
1.88307	-11.4599
-4.83665	-4.40867
0.75973	-11.5367
-8.37086	-3.93092
-1.85123	2.24179
-3.68481	-3.94144
0.283088	4.29888
0.0543528	-1.24669
-1.95993	0.501075
2.45418	0.527538
-1.45439	-18.0109
-17.6454	-9.28491
-9.15633	2.96408
5.25084	-18.4241
-4.67862	-17.4284
-19.3914	-2.42281
1.99521	0.753737
-4.88395	-3.00403
-5.96515	-3.45962
-1.09017	-9.95859
-1.04448	-5.34624
-3.18959	-10.1977
-15.4858	-5.41088
4.02136	4.06714
-5.3472	2.57347
3.823	-2.17103
0.821425	3.65685
-1.91478	3.42247
1.43199	-3.61235
2.20015	-1.25406
0.0670537	-15.8363
-16.8468	2.63639
2.65913	4.34541
6.29469	-23.3688
-17.7864	-14.5913
-13.9692	-7.71491
-8.29765	-15.341
-12.2702	-5.3029
-0.791914	-9.5927
1.51785	-8.03053
-7.34566	4.55785
-7.14633	-2.9238
-3.9714	2.01827
-1.5198	-3.72808
1.64299	1.58383
2.00944	0.349557
-0.769935	-1.1997
-0.43186	-1.00108
-0.0731228	-1.77838
-1.99534	0.628259
0.754216	-10.4777
-10.6768	-11.3821
-10.4937	-12.0183
-9.89196	-12.6232
-12.139	-5.58752
-7.76214	-31.0713
-30.9095	10.1014
4.42756	4.54726
1.52436	-1.30482
6.76085	-12.0868
-10.2928	2.56084
3.34374	-3.64557
-4.50407	-3.54169
-7.37768	-0.860961
-1.07629	2.89305
-3.26724	5.61054
-2.37369	-1.91706
-5.08161	1.45688
0.527754	-1.87975
-1.94433	0.0856157
1.02384	-5.37968
-4.24716	-7.58866
-9.06621	-8.6304
-4.40376	-4.71402
-10.2635	-6.84605
-11.4905	-17.7004
7.14384	5.34053
15.8461	8.42906
-2.38218	3.32495
-5.91755	-5.97739
-4.28097	-0.365106
1.95039	-0.195416
-5.97928	-3.06309
1.48421	-1.7652
3.82159	-0.862227
8.48827	2.87355
1.44465	-1.17058
-2.97584	2.16668
3.93596	0.158823
-0.973179	-0.695727
-2.62236	-25.9905
-23.1611	-18.332
-17.6514	1.7315
8.88037	3.8892
1.69966	-4.17575
-4.7442	-5.03385
-1.39076	0.430691
5.19236	-4.08944
0.5334	1.16598
5.57004	-3.36676
3.94178	-6.76467
15.8341	-3.40841
0.913321	1.87783
-2.70771	-7.00508
-3.93119	0.346722
1.94684	-5.22891
-2.50894	2.78489
3.36254	-2.06448
-1.88402	-0.535766
-1.07841	0.459354
-0.317738	-7.87042
-8.42954	-5.27328
-5.51029	8.5579
9.24386	-16.7356
-16.5994	-14.3352
-15.4915	-12.9798
-13.05	-17.5058
-18.7741	6.17599
3.92966	-22.7735
-19.1801	-2.78456
-5.70432	16.9776
9.71695	-15.9234
-18.6308	0.661446
-6.22312	0.514191
1.88665	-0.717828
-3.38307	3.64293
-0.496543	-1.08061
-1.6023	-0.775708
-0.862648	-2.6509
-2.33022	-0.459393
0.00285865	-15.3267
-16.3818	-7.82644
-7.52611	-1.32852
-1.98403	-34.8334
-34.0555	-10.4671
-11.2952	-9.4389
-8.75152	-10.6059
-13.5663	2.74008
1.01445	3.45464
7.16211	-10.8416
-8.4008	-2.08634
2.18002	-16.1446
-11.8809	-1.35514
0.735131	1.55695
-5.27325	0.314432
-0.140405	-2.30537
-0.147867	1.12156
-2.54155	-1.85471
-0.761287	-2.24088
-1.26677	-0.553672
-1.54341	-10.6508
-11.2114	-27.6096
-29.8018	-8.2787
-7.29875	-8.99081
-5.95157	-1.51482
1.12868	-14.9549
-13.7184	-4.99826
-3.50915	-11.9222
-13.1666	-13.0239
-13.8739	-2.1788
-4.32769	4.48677
3.18316	-11.3001
-11.5451	1.09435
0.999491	-7.71024
-7.69918	1.93393
1.51781	-1.79441
-2.83333	1.55015
1.02122	-1.00535
-2.09463	0.264899
-1.14522	1.65515
1.90783	-4.82662
-12.2261	-7.07224
-19.5024	-1.75643
-2.00775	-13.3877
-11.5273	-0.595864
-0.190577	-3.57197
-5.24474	-0.955929
0.0743537	-19.7948
-20.679	-7.28465
-7.05529	-2.06805
-4.89308	1.4733
3.37971	-9.70551
-13.1465	3.56134
-3.40375	-4.38487
-3.86072	1.52791
3.12867	3.20689
3.7085	-2.85841
-1.89746	-2.49942
-1.50466	0.881721
0.245282	1.18798
0.731585	-6.19195
-12.8508	-8.87816
-3.0362	-1.27302
-4.89558	-30.5998
-30.0361	0.620295
-2.22474	-4.64035
-5.16106	-11.4272
-12.573	-2.06945
0.19944	-4.02659
-3.68666	-9.82088
-8.7476	-5.67676
-7.46026	-7.97267
-6.29152	-3.98644
-5.04388	-6.1644
-9.43328	10.4957
6.52893	-1.5049
-2.77082	-3.91238
1.87264	-1.69683
-1.2985	-2.65341
-0.782863	-0.157226
-0.309294	-27.3087
-17.9306	-6.11583
-10.4613	-0.549658
1.03809	-8.7608
-8.79617	-7.11447
-4.80924	-6.97918
6.14325	-1.55396
-7.43449	1.85641
-2.17506	-5.66037
-14.2328	-18.5621
-18.0018	-4.62169
-3.12909	-8.35357
-9.39715	7.08616
11.1379	-1.78325
-1.39266	1.56274
3.17527	-0.690711
-2.49182	0.204451
0.505859	-0.59872
-0.100705	-1.83853
-2.56296	0.486772
0.150314	-10.503
-14.7311	-19.5943
-18.142	1.44195
-0.34154	-19.1889
-21.5224	-1.35679
0.577019	8.35077
6.27245	-6.57334
-4.10776	-12.1587
-8.53692	1.13321
4.34458	-9.41898
-10.8317	-1.69735
-11.8233	-0.900948
-4.82578	-5.64311
-6.37917	5.21277
2.5698	-0.0316752
-0.0570233	-0.502706
-1.42652	-4.8434
-2.64722	-3.74048
0.400918	2.68973
-1.55164	3.05172
1.09764	-18.508
-21.4163	1.5749
-0.0634869	3.397
2.68971	-25.7828
-24.1967	-15.2687
-11.4539	-7.38532
-3.38086	-9.3132
-2.82755	7.71633
6.92444	3.70889
1.41649	-9.80496
-4.30231	-4.75667
-6.65126	-2.81481
3.24321	-1.50394
-3.82183	-3.13848
-2.55668	3.45993
2.55395	-2.69609
-2.21829	4.44835
1.86758	-3.42459
-0.350711	0.2562
-0.959471	-0.292625
-0.876636	-33.9218
-33.2474	-5.73906
4.37439	1.65219
-1.89678	-21.8257
-23.4123	-8.05876
-4.88916	-17.4619
-17.1544	-9.16476
-9.96916	4.55629
6.63223	3.62424
3.3721	-8.11244
-3.09712	-5.1455
-0.064377	-10.7399
-12.057	-2.46559
-2.65732	-2.94353
-1.08299	-1.85575
0.39022	-1.29893
-6.25418	-3.06841
0.548414	-2.10857
-4.66968	2.56744
2.57929	-1.44462
-0.655899	-21.3259
-19.6458	-13.3219
-10.2955	0.795615
4.52584	-9.66271
-4.08841	1.53062
-1.22432	-7.05932
-5.6686	-4.32945
-0.0556317	1.08243
-8.60534	-4.27743
-2.12003	-3.31864
0.101775	-0.2717
-4.08909	-1.73952
-4.96807	-1.71023
6.50826	-2.39207
-1.05705	4.3995
3.84246	2.3775
6.60503	0.443239
-6.52796	-10.2607
-8.97945	-1.93137
-0.398999	-2.79949
-0.403024	2.39262
1.96002	-3.49907
-4.38618	0.384988
-0.026954	-1.062
-0.991914	-9.8729
-9.50533	-16.1034
-10.1251	-4.99566
1.65806	2.9379
-8.88433	-9.57229
-16.8256	-2.87997
-0.027764	-8.25797
-12.0015	0.305047
5.88446	7.33468
8.79558	-2.269
-0.167163	-5.38049
-8.53341	11.6701
-2.75083	-13.8135
-1.19459	-8.61099
-11.4759	2.68134
-0.339221	-1.02123
-1.28401	-2.01793
-2.49732	0.281595
0.0455402	-0.938759
-1.34827	-0.0833835
-0.0379827	-12.8812
-9.88486	-6.94715
-10.439	7.42371
3.28828	-9.91646
-8.31911	-15.9749
-15.0867	-7.65742
-8.04406	-6.78525
-10.8919	-10.1936
1.73316	4.19899
-8.70199	-12.0577
-2.00254	-10.3544
-7.16398	-7.97541
-6.62482	5.57854
3.62502	-6.90851
-8.76107	2.7926
1.21673	-3.09844
-3.11617	3.44534
2.711	-1.69866
-1.95845	-1.66125
-1.87157	-0.916746
-0.0946505	-12.0386
-8.69441	-17.594
-12.962	1.79867
7.18055	-6.58465
-8.03541	-8.79969
-8.11798	-3.31821
-6.38202	-18.0386
-19.041	2.95626
6.13058	-11.8313
-17.6904	2.95696
-7.81146	-3.22024
6.35173	-12.6467
-10.4802	0.699294
2.14062	-0.577179
-0.682927	5.94031
6.96791	-1.88092
-2.82625	0.432833
1.37749	-0.300363
-0.149698	-0.655493
-0.694285	-1.39816
0.227287	-12.5674
-20.7767	-3.59753
-12.4759	2.97193
-1.89858	-16.159
-6.5079	-16.2601
-21.6671	-1.09484
-2.73746	-4.43006
-7.58652	5.11471
1.11478	2.38224
4.9412	-4.12137
-5.19205	0.450084
-0.847278	-17.6242
-21.9185	9.35614
3.04727	-2.68401
-4.795	1.08374
2.2198	-1.46367
-0.70085	-0.543689
1.16297	0.673607
0.693519	0.778817
0.520697	-0.193122
-0.251126	-13.0575
-12.214	-23.4113
-21.0009	-0.812069
7.33278	-20.7482
-21.7463	-5.96605
-1.28327	-13.3888
-14.5231	-13.9328
-14.9699	3.08181
1.02047	-13.1289
-16.4713	7.63266
9.22187	0.281925
7.27959	-11.0117
1.01488	-5.96373
-7.47451	0.243057
-1.73009	5.52123
6.63043	-4.7199
-5.92586	1.6477
2.23892	-2.00055
-1.02366	1.76758
1.84541	0.536122
0.225532	-8.99603
-8.43857	-16.4007
-13.1463	-21.7803
-18.6578	-7.78759
-9.71475	-1.23147
6.59886	-12.383
-13.5005	-31.0375
-29.7896	-10.4719
-6.6721	-10.0258
-12.4995	6.19711
5.27188	1.54419
-0.058628	-10.9238
-13.5468	-5.23342
-4.23411	-15.5328
-13.2768	0.628811
-0.532602	-1.27528
-3.19269	2.50589
2.60378	-3.41143
-4.1387	3.72243
4.17976	0.0741108
-0.505653	-7.04061
-6.89832	-17.1907
-17.6523	-10.9765
-5.27636	-10.5781
-9.29123	-0.584584
-3.6156	-8.64815
-7.18639	12.8135
-6.939	-4.87786
-2.34229	-10.21
-6.47118	-1.8952
2.80025	-3.17096
-6.14557	-14.012
-13.9297	-4.2569
0.563432	-2.45158
-4.34001	1.76916
3.07067	-3.25488
-1.3731	-2.32031
3.17913	-5.53627
-4.78768	-1.91182
-3.96286	-0.692809
-0.642388	-3.18117
-10.538	-16.1048
-13.2086	-3.471
-1.46101	-2.40758
-2.66914	-8.23821
-10.0011	7.06497
0.899869	-7.59488
-2.75296	-7.29033
0.907765	-7.33939
3.13368	3.5307
-2.44506	2.85216
5.16385	3.57091
-6.72968	1.3979
-3.10111	0.204635
-2.36343	-3.30791
-2.33415	1.26748
-0.516547	-0.0325973
-0.0311198	-8.74652
-13.2707	-21.8463
-22.9638	-1.04783
-3.63489	-10.9746
-9.27731	-6.28537
-7.8278	6.25387
5.06272	4.23383
4.00218	3.51028
13.7033	-4.28468
-1.93499	-15.2998
-14.4522	9.06817
10.0005	-11.9108
-12.3955	6.00525
6.84915	-5.31389
-8.30096	0.927084
0.671713	-1.59759
-1.69124	0.686691
-0.769931	-0.402103
-0.581276	-0.309027
-0.398641	-0.324665
-0.519314	-20.9337
-20.6809	-17.3197
-17.4162	-1.79362
-3.87084	-20.1165
-20.1613	-5.60006
-5.76562	-0.336538
-0.613547	-4.60778
-0.882124	-20.4967
-20.0774	-5.64997
-11.2444	-3.90696
1.25001	-7.29329
-9.5175	-6.33704
-13.8807	-5.67829
-3.81218	7.11361
1.21753	5.17778
7.13413	-4.99368
1.81756	-5.42581
-5.14853	-2.02264
-2.03667	-0.705266
-0.408322	0.202816
0.843697	-12.1173
-13.0082	-22.7315
-21.8728	2.92429
3.42108	-19.6791
-22.8756	-18.6035
-19.2808	-1.96083
-1.58036	1.04815
1.84939	-10.8907
-8.05106	4.87314
4.83311	1.91109
-3.7879	-11.0442
-9.31512	1.04822
-4.2113	-3.94448
-2.2236	0.44
-5.66677	10.2169
2.93884	-10.4914
-5.27046	1.4548
-1.20474	-1.0593
-1.41749	0.538043
0.848985	0.59509
-1.495	-19.7501
-18.185	0.0291794
-3.67745	7.8681
1.42992	-18.9114
-19.1033	-7.21392
2.31342	2.20527
13.0509	-5.95334
-11.285	3.92471
3.21968	-12.3126
1.46595	-8.76414
-10.4354	-14.8562
-6.15647	-4.20254
7.64463	-3.51415
3.97293	3.20487
-2.064	9.93214
8.1746	-2.98944
1.86216	2.24
3.63001	-0.329104
-0.300879	-0.660396
-3.65676	1.24156
-1.0027	-14.491
-14.2189	-11.0225
-9.3048	-1.08066
-0.992862	-24.5938
-23.5227	-10.0151
-6.93962	-0.624444
-0.412878	0.529717
-2.00689	-12.8301
-13.9434	-9.54379
-9.68159	-1.80564
-1.87532	-1.78695
-3.0567	-5.13641
-3.9506	4.28084
0.807725	-7.81167
-9.23848	1.94991
-1.67721	-6.59949
-3.26246	-2.97816
-3.10321	-2.67342
-0.00830669	-0.503308
-0.793293	1.22318
-0.00445473	-15.199
-17.7428	-18.0668
-14.5645	-3.2683
-4.56278	-14.4129
-8.45188	-14.6788
-1.93571	3.73325
-2.9809	-1.54978
5.90693	-6.06497
5.0361	-0.122017
1.47893	0.310226
-0.812356	-4.62991
-2.53745	-18.8831
-19.7626	-0.74531
2.34123	-7.98187
-5.12491	-1.08508
-3.67236	5.90145
7.5334	-1.6244
-0.473337	-1.92553
-0.123862	-2.29884
-0.847946	-3.33184
-1.58651	-6.8558
-15.786	-0.824247
7.14056	-1.0239
-2.91641	-29.3571
-27.5512	-0.582537
0.452085	-8.12004
-10.4308	-21.1669
-20.2016	-1.71576
-4.1606	-8.34737
-12.7167	-7.54426
-5.85432	-1.81597
-7.23938	-6.84159
-14.8881	1.25808
-0.640314	-6.36057
-1.50067	-1.5452
-1.62538	-2.31541
-5.87797	1.84508
-0.593675	0.162013
0.205381	-0.14116
-1.27136	-1.16156
-2.01796	-17.7799
-17.1298	-9.5633
-9.60394	2.0419
2.53834	-8.44563
-1.4299	-20.8537
-23.4204	-15.931
-15.2404	-10.1058
-6.05102	4.66765
7.13196	-3.26948
-7.39486	-1.16325
-6.1107	7.09266
6.68898	-13.9593
-13.7738	-1.58483
-2.81128	-4.86012
-2.4261	-0.485651
-2.92044	0.973802
1.03914	-0.760319
1.3908	-2.9467
0.94802	1.1611
-1.21022	-0.458143
0.489044	-7.26371
-5.99296	-0.508628
-0.245879	4.62609
1.17469	-5.22067
0.799581	-9.23999
-19.242	-3.36774
6.76243	-8.18473
-4.6737	4.32945
-0.779589	2.52801
-2.37026	0.44075
6.99562	-13.5389
-12.9129	-6.70301
-4.5999	2.44421
3.94176	-7.86695
-7.67308	2.98559
4.42291	-1.69604
-2.80255	-0.975454
-0.892657	-0.891989
-2.16591	-0.514815
-0.876431	0.270536
1.27365	-8.28982
-5.53909	-11.3605
-9.8481	1.76795
-0.997996	-12.6851
-13.7563	-13.0902
-10.6103	2.80919
2.39136	-5.10414
-3.74938	-15.9812
-14.8528	-14.2036
-19.7589	1.96259
5.28315	-9.16406
-8.75441	-3.0572
-9.67501	-4.74231
-1.78116	1.13504
-2.60542	-1.83742
2.14098	-4.65405
-3.26236	-3.64184
-2.28068	0.213715
0.0131702	-0.688471
0.00339382	0.518431
-0.929845	-13.083
-13.9484	-26.3037
-25.804	-12.5206
-10.6034	-6.47646
-6.51929	3.97078
5.05457	-13.7299
-14.3448	-6.03963
-8.22446	3.59117
2.11194	-7.56255
-6.37691	-7.50456
-5.99027	-12.5828
-17.6921	-1.44132
-4.23593	-4.1518
2.22889	1.20551
5.58636	2.65765
-2.21065	-0.0951379
-4.29452	-4.08459
-4.62592	0.798198
-0.463415	0.332786
-3.34616	-2.37817
-0.862038	-7.71016
-2.83144	-8.87754
-11.3975	-16.0699
-15.9039	-19.9026
-19.9941	-1.47165
2.84889	-6.50771
-10.7834	-13.3576
-13.721	2.99438
6.76612	0.794602
-8.12942	-5.09553
-6.15031	-7.91645
-7.46377	-3.109
-4.74687	-3.98964
-2.66179	-5.14746
-6.26154	3.43417
0.715025	-6.29646
-6.65498	-3.5916
-4.00313	-3.18038
-2.54229	-2.4996
-1.07063	0.902599
-0.736818	-15.4399
-23.0449	-16.776
-13.8656	9.25976
6.39571	-17.9261
-13.454	1.437
3.07249	-1.7956
-7.5712	9.80345
-1.52337	-6.64506
-5.24188	4.31092
-4.05619	4.15373
1.30779	6.28222
2.76744	0.177671
7.16062	1.08914
-3.04785	0.674613
5.71941	4.61275
1.89578	1.01378
0.580054	2.80214
-0.359801	2.77175
-0.204082	-0.797022
3.20521	-1.24512
0.297785	-25.3933
-22.684	-17.3102
-15.4739	-1.4832
-4.22827	-6.9296
-5.25981	0.12775
0.500962	-11.8488
-10.899	-11.9921
-13.7455	3.53685
-0.857377	-16.198
-16.9209	2.10739
3.59887	-8.5722
-6.15569	2.34514
0.59672	0.359634
1.78135	-3.55554
-2.09294	-0.621988
-2.29309	1.36778
0.99649	-4.48995
-5.53665	-2.2262
-1.91081	0.725194
1.54618	-2.11158
-1.6016	-8.70221
-8.60501	-19.0364
-18.5877	2.75461
5.31049	-16.0899
-16.4672	-3.7457
-4.29059	-15.683
-13.675	-8.25652
-7.67161	15.3423
9.70026	-3.22519
-4.79674	1.91189
0.364123	-1.69495
-2.48885	-11.7392
-16.7967	2.26115
7.63908	-3.89106
-4.95248	3.10884
3.81184	-5.46491
-3.78509	0.337827
0.141406	0.710934
1.38404	-0.99565
-1.45836	1.13054
0.48151	-7.42113
-8.73311	-12.8035
-11.0565	-0.19849
1.76306	-5.56556
-5.36515	-9.1967
-5.93271	-24.5863
-25.9655	-3.44342
-1.79544	15.4896
13.6712	-0.00497474
-0.226423	-8.95473
-4.62711	-18.2204
-16.823	-7.63135
-6.83409	-3.37868
-1.36565	1.03452
0.696894	-1.18357
-2.05902	1.61969
3.10103	-3.34909
-3.80751	1.57877
1.77608	-1.57191
-0.939111	-0.713257
0.763933	-6.37083
-9.67771	-8.59941
-10.3725	-13.2334
-14.7933	-12.7276
-6.6834	-14.3389
-9.8264	-7.09074
-6.83493	4.31414
4.94445	-1.47309
0.58437	10.7383
0.924254	-9.59996
-6.94347	3.86963
0.213628	-7.65299
1.14101	2.29599
-4.20124	1.51932
0.0371726	7.21445
2.61058	3.64001
2.14098	-2.28857
0.912088	-1.25395
1.18248	-0.69671
-0.103566	-0.303859
-0.0795156	-7.96895
-9.61328	-13.6586
-13.7426	-12.5125
-8.7676	-15.9058
-17.4098	5.07994
-9.59438	-20.5783
-23.6491	-1.72962
3.39608	7.55082
2.97564	8.68592
3.94296	-5.56824
-11.6153	-3.32844
-0.156494	-21.6513
-11.7538	-14.0188
-9.76912	6.0516
9.51977	6.56775
2.93474	4.96713
-6.33153	-0.0428628
-7.45826	-1.32605
6.10661	-1.58269
1.97806	-5.86177
-4.34482	5.3194
-0.275243	4.28089
-2.81556	-2.49437
3.43666	-2.96349
-15.1903	-1.26846
0.128518	2.76938
-2.07889	0.187453
1.01873	3.37497
-0.425227	-7.83522
1.71563	0.78515
1.96476	-0.335168
-4.19747	3.66572
3.8489	4.34319
3.91193	-1.53519
-4.42349	1.96653
0.975552	-3.25286
-1.98203	-14.7543
-14.4495	-28.3643
-25.9247	-0.40089
2.11106	-27.4308
-32.9252	-7.89562
-9.88054	-7.14268
-1.16367	-4.16686
-4.29522	-12.6815
-16.1403	-13.5893
-14.2374	3.8317
0.398551	-4.39197
9.74371	6.3152
8.28937	1.86418
-0.742715	-5.48566
-3.24981	-6.28531
0.385801	-6.24647
0.180233	1.56049
-2.68948	2.36203
-1.1666	-1.55561
-3.50028	-1.11874
-0.236817	-21.3767
-21.1262	-19.6056
-15.4497	-1.33482
0.242452	-8.81465
1.09938	-0.568377
-8.24106	0.375847
-5.32262	-2.45998
-4.70434	5.98524
8.14177	-6.97117
-11.8947	-7.21879
-2.62762	-5.93636
-9.32462	-4.74308
-4.94988	1.46237
-0.483815	0.253708
-2.04876	3.54751
-2.13066	-4.53023
-2.98727	0.645357
-1.27888	-0.862783
0.11344	-2.37398
-1.1628	-0.187627
-0.718617	-30.9237
-29.8505	-16.5636
-16.3055	-1.89679
-4.98455	-9.77405
-1.28834	-7.2847
-8.8281	-8.4456
-4.17822	1.74408
4.42099	-9.08818
-10.1315	-15.5978
-15.4902	1.75675
2.6771	-7.40739
-6.68511	2.5693
2.86125	-4.04214
-3.4824	-4.66913
-5.02421	-3.29572
-3.68714	-6.09715
-6.34049	-1.53555
-3.68996	-3.68663
-3.92938	1.44419
-4.49133	0.0486468
-1.39601	-13.8205
-13.6573	-22.7517
-16.5028	-5.61573
-5.24272	-10.914
-9.49452	-9.25183
-19.4853	-3.99214
-4.81779	-3.48836
-0.986249	-1.21592
-1.05083	1.6797
4.17787	-1.10094
-7.00897	-17.5351
-17.7164	1.09877
-0.797739	-0.02062
-1.77777	-1.24269
-1.21584	6.14356
5.15602	-1.91161
-2.42189	-0.618995
-0.212571	-2.56776
-2.39367	-1.68325
-2.08325	-0.140105
-0.60612	-23.437
-26.0181	-5.93176
-5.2925	-3.91084
-10.1433	-16.7153
-11.807	-6.73251
-8.0615	-0.838966
1.57753	9.12569
-8.344	-8.56167
1.26053	-10.2181
-12.3206	-3.08005
-0.556267	-5.54765
-5.32556	-15.3821
-8.47138	-1.06635
0.534052	-1.81456
-3.11319	9.20105
8.63425	-0.391047
-0.0399169	5.12514
2.9503	-3.64014
-4.9616	-0.720456
0.698957	-1.34801
-0.565587	-12.1758
-6.40469	3.2879
0.845198	7.99243
6.41455	-11.3526
-12.8564	-2.07955
-5.99834	-9.5026
-11.1442	-7.00764
-6.55534	-7.05136
-3.88699	-8.30501
2.45753	-0.541145
1.207	-10.1145
-8.56364	-7.42928
-7.6484	4.40522
1.90907	1.02806
1.88929	1.15427
0.483726	-5.48033
-6.91343	5.06212
3.765	0.437351
0.424037	2.09939
2.34747	0.85951
0.54404	-8.93049
-9.01208	-8.53917
-9.45852	4.53631
3.35348	-4.34921
-5.41827	-4.379
-5.78426	-19.9088
-19.8557	-25.2016
-28.3426	13.6894
2.40606	-3.97907
-1.71368	-11.9825
3.56531	-15.6517
-15.71	0.772112
2.70866	-11.5835
-7.62344	-0.751582
1.26969	-1.36932
-1.51342	-1.77237
-3.05753	-1.19426
-1.16959	0.27018
1.10323	0.556652
0.901133	0.319224
-0.170064	-14.2913
-13.9052	-26.8188
-23.8688	-7.38478
-3.89053	-0.497319
-2.21725	-5.52402
-0.402808	-5.63313
-5.8357	-0.229307
-4.27791	-4.05847
4.70031	7.35282
-4.78649	-3.44516
0.738974	-10.8749
-1.96298	-6.09382
1.71844	6.74507
1.31252	1.29958
0.222735	-1.81061
-12.8225	7.38164
2.14802	0.190334
-0.0194936	-2.06702
-2.17638	-2.40047
-2.28703	0.0236708
-0.278241	-1.26892
-1.0891	-17.9798
-18.5791	-2.59753
1.53036	3.07186
2.59088	-26.2272
-23.3617	-12.5411
-12.2847	-13.58
-12.3254	-11.7405
-11.6669	-6.64001
-8.35409	-1.59689
-0.232511	-12.5698
-7.55035	3.30148
3.5614	-4.36982
-4.64679	-1.81831
-1.69058	-2.85068
-3.23093	10.2314
9.81077	-4.44239
-3.5564	-4.17982
-3.93538	-1.18671
-2.19517	-0.303174
-0.471798	-0.651101
-1.27203	-18.8804
-17.1802	-26.4991
-26.8809	-6.51408
-8.58998	-6.51764
-4.98391	-5.64749
-2.82111	-5.58184
-5.35534	-17.3361
-20.346	7.06267
6.58677	-8.3754
-10.1887	-9.65829
-1.84533	-7.24618
-6.25146	-10.7749
-9.2196	8.0977
4.14914	-2.67202
-6.83237	-3.88763
-3.49793	-8.71425
-7.99928	-1.61679
-0.0343156	-8.53206
-7.00207	-0.65857
-1.14126	-1.4725
-2.11782	-7.90741
-7.29688	-2.73667
-5.91548	5.05259
-0.548092	-0.240084
-7.75489	-18.1276
-21.988	-6.21993
-7.16602	-6.28649
2.08778	-1.53313
1.29801	-15.6111
-5.517	-3.79031
-5.94754	-6.46301
-6.04057	-5.45679
-6.70165	0.36746
2.3737	-1.56009
2.12756	-0.810159
0.455294	1.41107
2.76484	-5.02564
-6.73603	-4.01602
-3.68262	-2.17175
-2.66194	-1.91731
0.247516	-6.51407
-9.8055	-5.09492
-10.3868	5.5206
-2.74653	-20.2094
-18.4269	-22.7283
-7.68041	-13.0958
-13.9891	-4.48904
7.33363	6.74367
8.61708	5.50229
2.70112	-13.5781
-12.8733	-2.18245
-3.47242	-5.47628
-6.19608	-2.14048
-2.00587	-1.84337
-0.156974	-4.39426
-6.47155	2.47872
5.2563	-0.855518
-4.20956	0.14891
1.65968	0.828035
1.11813	-0.479773
-0.76	-4.44185
-6.0569	-13.6402
-12.6919	-9.20834
-9.73097	-21.8189
-21.3761	2.4094
0.219227	-23.3112
-21.3924	-3.58894
-3.94802	8.68427
12.4473	-8.56225
-18.3312	-5.44152
-0.934499	-0.877632
-2.28967	1.12014
-2.27449	-0.349069
0.765692	-5.18961
-5.81028	0.0890204
0.585655	-0.0399101
-0.715024	0.252103
0.326652	-0.223338
-0.787466	-1.53037
-0.802473	-1.21663
-1.02311	-5.05739
-5.96143	-15.7594
-16.0977	11.73
6.78581	-12.3583
-17.1102	1.61578
1.74209	-15.2367
-17.1043	-1.42848
-2.25269	-7.48667
-6.49078	-6.224
-4.73802	-19.9488
-15.6421	-3.25836
-4.97981	-7.17975
-14.7764	-4.27127
-4.18703	-0.695001
0.106212	0.688878
1.24238	1.26655
-0.2735	0.772759
3.32847	-5.08931
-3.71928	-1.90371
-0.443211	-2.4159
-2.44751	-8.36875
-8.4743	-11.9452
-12.1054	-16.484
-18.6813	-2.29394
-1.69889	-4.31109
-4.41242	-11.7191
-11.2638	1.58057
3.61899	-2.18407
-3.71046	-14.8026
-16.5439	-5.5972
-5.99351	-4.12739
-1.57218	-4.24103
-18.1539	6.56898
-2.0975	-3.14362
-6.61368	3.01524
3.25282	0.158766
-2.90404	0.19471
-3.60575	-1.19884
0.152726	-0.381223
0.148288	0.217181
0.208946	-17.1639
-17.1091	-10.3489
-11.2725	0.903502
-0.267043	-28.9834
-27.1725	-10.0921
-12.9888	-0.265074
-2.83498	0.730912
3.39188	0.06098
2.59696	-15.2961
-16.2335	-6.14153
-11.0492	-4.77423
-6.20063	-2.84618
-3.97022	-10.5731
-2.46627	-4.34941
-7.51518	4.1249
4.03934	-4.56296
-3.18666	2.72694
4.03326	0.0807551
-0.940624	0.287468
0.854042	0.158769
-0.0859515	-16.0554
-14.1748	3.98292
1.01631	9.836
9.02354	-16.2657
-9.44708	-11.6989
-12.0492	-9.42032
-8.76899	-0.916903
-1.20992	3.04834
-1.5732	0.825559
-0.065955	1.31857
-2.69704	-14.2174
-13.4696	-1.77021
-1.49664	4.08737
5.11956	-5.62759
-8.29019	2.44349
1.9188	-3.70588
-2.98499	2.29168
1.01853	-1.84372
-2.11184	0.023825
-0.537324	-0.281132
0.0647939	-13.2721
-13.449	-26.9837
-25.6955	-3.36645
-2.30075	-12.5766
-13.2155	-7.39886
-7.40938	4.09386
-4.67697	1.98326
-1.40036	3.91434
-10.2559	-3.95742
2.60237	-3.53476
2.0486	-2.214
-0.574064	2.78917
5.12643	-2.233
-3.04114	-7.92516
3.10605	-1.63461
-0.800723	5.23302
-0.36748	-2.38995
-0.195494	-4.73421
-4.45283	-7.52178
-4.80366	-8.26913
-4.96236	-1.43647
-2.0976	-2.51267
3.54826	-3.62802
-2.72734	3.39582
-1.16111	10.4899
5.92329	1.49041
-1.66284	-4.87965
-3.03017	-1.54643
-6.28633	0.498858
-0.307098	-1.46577
0.00550995	-1.12526
-1.60358	-1.34858
-3.0085	0.694896
0.91556	-1.49688
-1.48461	-15.8892
-15.9614	-25.2445
-23.3174	4.16919
10.6087	-17.4237
-21.1712	-7.91808
-7.82395	-6.72932
-7.21261	-21.7634
-22.4954	7.39136
-1.06933	-15.0237
-13.7765	0.101198
-1.74499	-13.062
-14.4045	0.595691
-0.994545	2.99691
1.22359	1.84569
-0.775211	4.67082
4.04087	-3.92666
-5.83878	-0.447831
-1.02976	-2.51891
-6.06038	0.240487
0.362821	-0.57515
-0.0154273	-18.8322
-18.4813	-5.08059
-5.59135	0.179081
1.48151	-6.59703
-9.51534	-22.9626
-19.4331	-4.88776
-2.02832	-0.0392987
0.435804	5.04961
3.88514	-10.7585
-14.0971	2.58056
4.22614	-12.9343
-18.4549	-2.09627
-3.26634	-1.69754
-2.10961	-1.45313
-1.39099	-0.413358
2.38585	-7.88122
0.273853	3.93858
4.13256	-1.96511
1.52477	-1.10802
-1.23052	-1.07582
-0.827491	-17.5471
-19.3514	-11.806
-5.149	5.46555
-1.39281	3.40474
-5.54113	-13.1629
-9.90476	1.08029
-7.40309	3.59928
-7.9124	-7.97015
-4.41155	-8.59191
-8.16997	-6.49807
-7.59511	-3.43838
-3.21586	-4.97845
-4.33583	4.08198
5.08032	-7.95641
-7.89197	0.843689
-0.879793	1.39908
1.20205	-0.680617
-1.21871	-1.66132
-2.12989	-0.871122
-1.56554	-0.691899
0.700283	-10.4147
-10.0411	-16.8591
-19.7532	1.0123
0.509091	-15.7139
-13.8812	-8.14033
-2.67528	5.65423
-2.98908	-8.07547
3.21341	-1.37189
4.34685	-1.09666
6.02326	-2.1431
4.2468	-0.833173
6.85319	6.03969
-1.48009	5.55825
3.60254	0.307291
-8.47632	-4.818
-6.22633	-0.208026
-8.25164	-0.683447
-2.24724	-4.12045
-2.51093	-1.39922
-2.01497	-0.779469
-0.964131	-16.2592
-16.523	-23.0761
-24.0811	-13.3971
-13.7065	-13.8363
-12.8622	-7.04239
-7.99198	-15.1109
-17.2753	-4.46607
-6.34834	-11.481
-10.8441	-14.1517
-9.40379	-11.4526
-10.5583	0.357938
-6.84721	-4.51377
5.94273	0.0934802
-0.142743	1.47557
2.88414	-0.082209
-3.02027	-4.42274
-6.05759	-0.605843
-0.641912	1.92295
0.0996369	2.2615
-0.524078	-0.455183
-1.47422	-20.4258
-20.7458	-20.4688
-18.4667	-0.443894
2.14946	-1.69404
-7.85633	-4.30729
-5.35624	7.17154
7.68303	7.9967
-7.37142	-5.5042
-1.07262	-17.9693
-13.4049	-17.4731
-12.631	-2.80545
-3.22602	-4.90658
-7.77225	10.4023
6.64577	-3.62344
-1.93752	-2.02916
1.18725	-0.962683
-1.69384	-1.0825
-0.121034	0.547408
3.05677	-2.59993
-4.81685	-1.76684
-1.17551	-11.757
-11.8384	-17.8274
-15.5271	-10.3801
-12.5358	-14.4146
-8.31942	-16.5363
-13.8269	-6.43821
-15.1901	4.7108
4.22636	-2.92434
-13.7013	-11.5437
-0.554776	-1.23632
-2.58442	-7.25208
-5.4305	-5.67099
-4.42552	-0.816388
1.23309	-0.557645
-4.13594	3.02037
2.77491	-0.0936825
-0.0221747	-2.92536
-2.10026	-3.72235
-4.21909	-0.192762
0.810938	-0.068427
-1.7231	-3.82405
-3.64451	-17.4427
-16.5619	-14.123
-14.2045	-17.5542
-15.8895	-3.46194
0.160451	-15.5506
-15.0056	-8.71833
-4.91303	11.133
10.708	-11.6818
-10.1607	-17.8872
-15.411	-7.15064
3.36797	-8.65769
-6.58351	9.16659
1.79848	2.18343
6.6791	3.44326
3.57626	3.69974
-2.56306	0.840192
-5.00934	-3.24467
-1.81752	3.24926
-0.300176	0.573207
-1.41616	-27.0079
-26.2786	-19.5383
-7.42333	8.28
6.58648	-24.7913
-28.5172	-9.29265
-5.80609	-7.64648
-3.0916	4.98018
-0.49283	-8.67104
-7.11583	-8.48594
-9.95865	-4.20151
-4.57875	-11.3885
-14.5071	4.45056
2.39669	-1.21896
-3.58041	-7.4383
-7.48051	6.91793
3.47149	-0.175758
-0.357279	-0.317562
-1.51794	-3.52093
-3.96002	-1.58332
-1.81522	-0.38504
-0.226867	-17.2523
-17.9073	-14.1795
-9.92449	6.09728
12.3604	-13.6877
-6.3281	-8.74399
-9.78248	-16.2534
-15.2142	-10.6551
-19.5053	0.252812
1.0778	1.93503
-6.75772	-15.6679
-17.4252	-1.15802
0.00173126	-5.22051
-5.26197	4.14735
3.63811	-6.44235
-6.51962	-3.35022
-3.69202	2.43789
2.6155	-3.78662
-4.47489	1.64091
-0.059787	0.416022
1.19594	2.13902
0.428613	-11.6726
-14.3513	-17.3225
-15.6953	-4.31219
-0.532466	-17.1576
-10.4554	-14.8088
-13.351	-1.02162
3.37426	3.02751
-2.65209	3.69892
5.58279	-3.03169
-4.70409	-2.95894
0.144106	-18.7838
-6.71752	1.08327
-2.94098	-3.22708
2.07289	-7.62554
-2.70155	1.33709
4.61453	-0.903327
-4.01959	-1.13437
-1.25432	-1.00419
1.03738	1.0442
-0.187906	-1.06835
0.3787	-22.054
-12.2403	-8.13066
-8.27162	1.67258
1.75107	-22.3023
-22.3069	-8.11306
-6.478	5.67342
7.30462	-7.23472
-7.75383	1.2407
-1.07697	-1.02567
1.72165	-7.80259
-5.13982	-4.94888
0.604933	-14.1503
-11.4791	-2.36599
1.62538	-8.6145
-6.9428	2.63614
3.7367	-2.40424
-2.65407	-8.18225
-4.97942	-7.84206
-7.33696	0.230486
-7.04334	1.97763
0.216222	-2.901
9.13573	-7.77325
-7.4571	3.86329
0.212307	-8.17424
-5.40116	2.34211
-1.35851	1.38409
5.06189	-1.08085
1.31571	-0.580795
-3.29437	-3.51118
2.89042	1.42153
3.73344	2.50547
-1.20296	1.33142
0.832064	-23.1592
-18.3737	-18.0575
-21.1171	-1.82469
-3.91012	-13.6379
-15.0857	-12.3882
-5.45395	-3.96671
1.48001	10.1621
13.9521	12.0807
11.9696	9.57706
3.68994	-3.44143
9.89018	-4.78858
-4.02326	-7.95827
1.45707	-5.72122
2.13926	-5.48374
-6.54771	-2.13013
-2.41807	2.07011
1.66448	-3.34561
-1.44519	0.894167
-0.305918	1.70036
-1.00087	0.670135
-0.316355	-6.19746
-10.7284	-23.5733
-24.2476	-2.33427
2.38506	-21.9516
-23.1541	-15.7974
-24.81	-8.09997
-6.60925	0.0466283
1.47649	7.13438
3.8281	-6.49022
-10.356	-8.95222
-12.8221	-1.26644
-0.711989	-5.09059
-4.82584	-2.43003
-5.12498	-0.593505
-2.86608	5.02139
2.70979	-1.79497
0.019887	-0.253614
-1.17849	0.779868
-1.67398	0.0534135
0.255022	-0.168377
-0.763552	-5.56699
-8.11747	-7.38666
-10.372	-3.31154
-4.38813	-7.75518
-7.43982	-9.97484
-10.837	-20.0737
-18.9684	-10.3384
-16.0739	7.25111
9.07934	6.42866
9.25041	-20.0121
-13.8633	6.9191
8.64575	-19.2266
-18.1623	14.1271
7.599	-0.978314
-0.545367	2.26913
0.496488	1.84289
5.69841	-1.74416
0.53892	-2.94426
-1.63368	-2.79217
-4.81284	-0.32327
-0.557573	-20.5593
-20.9408	-2.13889
-1.91436	-7.88976
-7.23959	-30.2055
-31.6112	-4.11722
-4.62734	2.67265
2.38695	-16.8346
-17.5447	0.266358
2.56411	-9.70576
-8.34872	-4.98707
-5.28676	-12.4065
-16.0759	-4.83575
-5.2006	-14.0463
-2.66931	-9.25852
-1.40934	0.992016
-3.83034	-3.23441
2.19536	4.56604
-0.88177	-0.216826
-2.4011	2.18057
-1.72041	0.222446
-0.159373	-24.6197
-16.0827	-7.72866
-14.329	-0.319744
-1.26711	-9.86789
-13.1726	-7.57432
-5.23509	1.01044
-2.11448	0.0288319
1.46553	10.3868
-0.784554	-8.50033
-9.61244	7.71028
4.35991	2.4826
-3.43618	-5.47047
-10.6986	2.66209
3.204	-0.800032
2.07661	-3.41853
-4.95888	0.82081
0.539836	-0.813417
0.214272	-2.81118
-5.14737	2.52627
0.367713	-0.603207
-1.12996	-5.63789
-6.54777	-8.14297
-4.88518	-0.211024
2.11321	-14.8809
-12.0828	-9.373
-13.0705	-4.15593
1.63561	-2.83816
-4.26241	-18.2981
0.0512018	-3.74393
-4.05797	-0.563888
-1.89931	-7.58703
-6.52317	-9.60508
-12.6499	4.89907
7.19019	-2.93149
-4.19504	-4.65768
-1.27752	1.14114
1.96887	1.37808
1.44635	-1.31111
-0.843563	-0.151566
0.309442	-1.65337
-1.64047	-17.2324
-17.1608	-22.4372
-17.5385	2.27395
-2.1397	-14.0524
-16.1776	-12.3383
-10.788	-2.02905
-0.0880769	-0.0903143
-1.08798	-4.52911
0.386455	-15.7597
-12.797	-13.8338
-20.6047	8.43576
8.49819	-12.9744
-13.6703	7.16216
7.36414	-3.73394
-7.43057	-1.91687
-0.0754029	-0.949243
-2.52394	0.0618643
-1.36755	-2.74266
0.284732	0.276265
0.562756	-1.01891
-1.54788	-15.989
-16.829	-28.2454
-27.9488	-4.13706
-3.2603	-9.77644
-12.7313	1.92928
2.00877	-8.49042
-7.59068	5.52841
-4.63455	1.26433
1.24135	-18.4752
-9.48382	-1.98868
2.45709	-10.3215
-10.7783	-14.2587
-4.79745	-0.520969
0.513668	-3.51274
-5.60417	0.350524
0.0824815	-1.38041
-3.30378	4.55322
4.65527	-2.63389
-1.96513	0.168583
0.350717	-0.585969
-0.678205	-15.9442
-13.8483	-22.4932
-18.2607	1.51043
8.7215	-8.52615
-9.0358	-18.2987
-15.0807	-8.11339
-8.56462	-24.6505
-24.3264	13.6008
-4.98778	3.2405
1.25502	-18.4556
-15.9281	-4.05931
-3.41363	-12.7326
-15.1537	2.02714
1.61389	-3.79819
-4.24776	5.85589
9.752	-5.93853
-0.353714	-4.97647
-6.93375	-2.7761
-1.54335	-0.33587
0.244275	-2.45911
0.0909337	-16.4493
-11.7532	-6.09391
-10.4964	-0.231652
-1.71979	-15.2901
-15.9177	-19.3342
-16.8186	-0.394585
1.14927	-2.59811
-4.15268	-10.4403
-14.5059	5.49459
-17.4438	0.572521
-1.10393	-8.06751
-19.7446	1.60966
3.45838	-16.4144
-16.2079	5.57884
1.37359	-2.71799
-0.48151	-1.23749
1.02223	-2.94399
-4.13303	4.75802
6.01134	0.74166
1.69159	-0.498993
-0.889253	-9.77734
-11.5445	-1.16749
-5.4625	-6.02182
-7.22049	-22.5946
-21.3885	-6.33606
-4.68811	2.96545
-0.214776	-1.18931
-1.71084	-12.6009
-11.2782	-12.8376
-13.3855	6.47154
3.843	1.58156
-2.10397	-9.7658
-9.8241	-0.896616
-4.18494	-6.576
-8.03963	1.7584
5.03246	-1.91868
-7.58106	5.44762
6.69865	-1.06166
0.30655	2.6235
2.23558	-0.661183
-2.28201	-19.7462
-18.9402	-20.0794
-23.9197	-3.95916
-2.23038	-8.049
-8.40225	-6.82388
2.77618	-3.20577
-8.59383	-3.81589
-5.12525	-7.1806
-0.28633	1.28003
-1.31046	9.02612
8.76928	11.6638
10.3471	-1.63555
0.922875	-8.59237
-16.9657	-10.6729
-20.1972	-7.82651
-10.7895	2.58924
2.52803	5.75672
5.80694	2.14329
3.60887	3.8562
5.67076	2.24681
0.850605	-0.582534
-0.850902	0.415551
0.243311	-12.3571
-13.7582	-17.4981
-14.8181	-3.952
-4.21567	-17.5491
-8.46771	-5.81749
-16.6941	-17.3322
-18.5531	3.53019
6.50339	8.21882
3.44992	-17.7169
-18.8459	-8.40669
-8.4076	-4.69254
-7.13913	-2.90429
-12.432	6.5468
6.69064	2.94842
-0.557521	-0.622421
-1.6482	-10.0596
-7.97055	3.63243
3.04681	0.833871
-2.70996	-1.19684
-0.299039	-0.710941
-0.957944	-17.56
-9.96429	-21.3198
-26.9363	-11.6498
-10.9239	-5.80906
-7.36803	-0.895986
-3.65422	-7.69482
-6.8589	-3.80805
-5.17083	-6.88764
-9.32056	-11.1496
-9.36319	-8.0708
-4.81638	-4.1069
2.09406	0.332081
-5.52383	-8.12105
-3.56671	-3.80382
-2.80002	1.40613
-6.18335	-5.44485
-2.26104	-4.02535
-0.56743	2.70258
-0.123209	-1.13891
-0.660468	-1.05884
-1.69409	-15.5437
-16.307	1.31837
2.76342	1.08008
-1.7314	-27.8728
-29.8947	-3.26413
-14.4085	6.69206
2.36447	-18.4213
-18.1176	6.55811
6.46222	-7.63029
-7.76167	-7.19614
-10.7921	-1.37628
1.43655	-6.83751
-6.0651	-10.8803
-3.67072	7.39739
4.21284	2.18358
8.51834	-1.10656
-0.166002	3.09269
-6.27329	-2.32697
-1.36198	0.0947883
0.271584	-1.4054
-1.27722	-5.86955
-5.56147	-23.8487
-21.3369	-2.81496
1.11108	-17.766
-21.096	-17.3029
-17.0387	-3.52583
2.57395	0.286958
-0.230213	1.61838
-9.7533	-3.17578
8.67877	-17.8621
-9.03705	1.86544
1.81422	-12.9165
-16.4	-0.870175
-0.337889	-5.32232
-4.97271	-0.458738
-0.826589	0.0755252
-1.41499	-2.16582
-4.18367	1.23074
-0.753466	-0.306354
-2.6008	1.2453
-0.712916	-11.793
-11.3511	-21.78
-22.9799	-8.32744
-7.63398	-16.4448
-16.3554	-9.99402
-8.73469	-14.3981
-13.216	-5.40726
-6.74119	9.85829
13.3405	-3.45598
0.190702	-18.0989
-14.5013	-10.5728
-1.72772	-9.04623
-12.103	-6.9088
-0.860721	-5.89999
-2.66447	-2.71636
3.32012	-2.25207
-0.0695828	-4.82011
-2.67235	-2.51562
1.16645	0.420729
-1.74263	-1.34103
-1.10243	-12.3887
-11.4426	-18.3462
-19.1529	-16.6648
-18.0668	-6.92959
-4.85777	-10.3242
-8.23433	-8.55716
-10.7766	-13.6285
-14.1734	14.4288
13.4644	-7.74709
-4.80121	-2.78934
-2.86765	-18.6927
-19.5174	-1.40201
-0.425465	2.69702
-0.161021	-5.91812
-4.99262	7.83651
8.35121	-1.64404
-0.906981	2.74672
2.05434	-2.79054
-2.07932	-0.787936
-1.19554	0.744522
-1.15784	-9.44912
-11.1242	-6.62503
-4.57034	12.7248
6.90351	-25.3298
-26.7766	-7.93995
-9.61717	-15.5287
-15.6845	-7.44386
-5.98771	-3.49583
7.73455	-3.1942
4.20337	-2.18549
14.4995	-3.02428
-7.20179	-3.38337
12.9829	1.42451
2.07417	-1.90516
-6.1716	3.41696
1.81421	-1.6108
-3.3903	1.6877
2.9374	-1.00314
-1.49691	2.14272
-1.74648	-0.586808
-0.304336	-29.4413
-17.888	3.40785
8.26819	5.85305
3.48748	-26.1334
-25.1978	-5.63146
-8.09879	-19.7217
-20.9839	-13.6609
-15.3521	3.76954
4.38632	-4.3957
1.05989	-0.428111
-1.36794	1.60422
9.64329	-14.2818
-10.4614	-7.5153
-10.5543	-5.19636
-0.172013	4.28615
5.3403	-1.49349
-0.319528	-3.25594
5.50271	1.79592
3.19685	-0.162389
-0.585667	0.714866
1.16015	-32.0294
-31.1731	-8.6459
-12.5921	2.0338
2.18466	-21.6762
-21.7224	-10.4329
-10.4501	-13.5005
-7.7517	-14.7428
-14.1493	2.94285
4.96812	-1.42308
-4.97923	-4.05261
-3.29271	3.72669
-2.66716	-8.01836
-12.4676	7.70057
8.45933	-9.69495
-7.67715	1.91542
5.51527	-1.23814
3.64763	3.44992
4.87947	-1.45504
1.65299	-0.144677
-8.6591	-6.20093
-0.757862	4.08003
-4.73338	6.20152
5.2413	7.927
9.28814	0.594523
-2.29151	-4.19079
-3.82148	-0.894776
-4.03359	-5.24245
1.22954	-3.05135
-7.38004	-4.20496
5.82868	1.55392
-3.13036	-6.66489
-2.09406	-5.59771
-3.10106	0.0846701
-1.89911	-2.24781
-1.96122	-1.29214
-0.295891	-6.88363
-6.88387	-5.83304
-3.32635	-4.87097
2.11419	-14.8323
-16.4135	8.90849
15.406	-9.56223
-9.27813	-22.9148
-21.2444	-2.27555
-12.5837	-15.6571
-11.9678	-15.1741
-9.12055	-2.80313
-2.27134	-13.107
0.609189	-5.45308
6.93378	4.03283
5.34108	0.0640392
1.62447	2.24929
0.953856	-0.0131901
-4.71392	-0.0513843
-2.20926	-2.47697
-4.29253	-0.249926
-0.450084	-7.08739
-8.25135	-14.9815
-12.4639	-7.03708
-9.7711	-15.0252
-11.8662	-1.494
-2.12527	-10.2238
-14.1242	0.822665
-11.9141	-1.34981
5.92713	0.357747
-10.8248	-5.89981
1.05945	0.141099
2.92082	-5.89656
-2.95124	-5.51952
-2.22553	-9.39
-3.0086	5.05211
2.48335	-1.13297
-1.88252	0.651735
0.938182	-0.055693
-0.325438	-1.71255
-2.31025	0.555224
-1.04213	-20.5039
-26.0788	-2.40227
-8.86847	-20.1203
-15.5415	-10.5118
-2.4585	-13.1231
-18.8668	-0.725451
-0.740392	1.65102
-2.43846	7.84694
8.11107	9.50298
-2.78877	4.15347
12.2781	-5.25013
-6.92632	-9.79932
-8.50029	-0.216164
-0.873623	-6.4206
-8.11463	6.99981
7.63938	-0.857817
-0.217981	-6.80803
-6.45953	-3.6305
-3.26273	-0.957015
-1.13295	-0.780844
-1.25444	-14.9522
-14.9725	-15.776
-14.1266	-10.0454
-7.43516	-7.86415
-4.55399	-21.373
-20.3164	-21.2996
-19.6354	-8.60814
-4.35623	17.5896
12.3517	-20.0472
-16.0575	7.09759
5.46539	-10.761
-9.62132	-10.6366
-14.8918	4.95745
-3.44413	-4.17838
-5.71194	-2.43189
-0.253789	2.44186
3.56791	2.5108
5.36923	-1.60626
-2.88517	-1.4691
-1.03103	-1.27555
-1.36477	-29.8953
-28.8427	-16.6969
-11.7208	6.22998
9.99372	-20.7407
-25.4257	-22.1833
-20.2071	-2.86411
-5.83203	-5.01264
2.07985	-5.26208
0.625239	-4.18082
2.52189	-11.9131
-11.9152	1.71703
0.172076	-6.19255
-5.88601	0.317939
2.34624	-10.5622
-8.68552	-5.54703
-6.52416	5.02984
4.2977	-0.0252439
-0.361686	5.60459
6.22813	-1.51408
-1.20148	0.430003
0.5697	-7.6432
-7.59194	-3.86867
-4.23042	-13.854
-15.05	-13.0289
-14.403	4.6689
1.28839	-24.8311
-24.5325	-8.03184
-6.40645	3.54379
5.75652	8.9412
7.12155	-17.3101
-18.8649	6.088
7.38489	-15.5974
-13.2002	-3.33428
-1.12136	-5.92998
-2.51681	-0.889842
4.14294	-3.59433
-1.13459	-4.27608
-4.29665	2.09367
1.09034	-1.36128
-3.39596	0.426984
0.425463	-28.6821
-28.0083	5.63561
8.99218	4.69865
3.68516	-15.6364
-24.0616	-7.74633
-13.1662	-13.2295
-14.7511	-14.121
-13.9371	1.90851
1.24422	1.99342
1.98681	-8.40206
-6.95123	4.3762
6.08248	-6.75549
-8.49249	0.342
-1.87173	-5.35424
-4.56275	5.03214
6.68123	2.79261
1.79428	-1.14079
-1.21176	-0.381436
-0.5036	-0.862179
-1.27496	-0.501296
-0.350901	-12.2159
-9.94577	-20.2988
-17.2459	-9.34281
-6.14364	-10.2475
-12.7599	-3.69012
-3.83858	-7.05709
-4.36815	-5.19682
-4.49256	-11.0816
-7.39689	-2.28625
-1.29299	-3.94722
-6.99898	2.97869
5.96367	-5.5278
-11.2098	1.47467
-7.74717	-9.70078
-11.1234	-1.83592
0.93572	-1.08094
0.911802	1.97773
1.17121	3.54699
4.54765	-1.72741
-1.47508	1.9725
2.59237	-6.78522
-8.10893	-3.40793
-3.09892	-24.2757
-25.6032	-19.6057
-18.13	4.5763
3.48402	-20.6657
-22.0132	-12.6516
1.28968	14.0144
6.14709	5.62091
-4.36248	-0.775529
-5.76007	5.80583
0.877026	-6.75878
-4.81544	-4.46176
-3.49241	-2.29579
-2.42033	1.59885
0.937773	-2.80436
-3.32046	-1.71566
-0.684463	-0.677316
0.287846	0.486305
0.842195	0.0476688
-0.0893785	-14.7899
-13.8655	-19.9484
-16.8477	-3.48908
1.10621	-15.6405
-18.3515	-7.77955
-8.10569	-18.0997
-15.4574	12.9117
12.3267	-7.2082
-8.57853	-13.3261
-11.4364	-2.25173
-0.947642	-5.60776
-3.16143	-8.33499
-9.44689	2.4321
-1.54102	-4.9008
-3.57593	-0.581926
0.0363839	-4.03333
-2.91149	-2.42742
-2.11257	2.1553
1.11217	-0.83853
-0.939594	-0.791883
-0.794605	-13.1354
-14.4797	-23.0449
4.85065	-3.92225
-2.04214	2.66394
-8.04533	3.17093
2.91476	2.18985
1.85098	2.34396
-2.26288	6.27615
3.03565	1.64528
0.117926	7.95027
0.629617	9.79741
4.43482	9.65576
-9.9318	-5.46216
-0.524328	-2.36308
-2.94172	-4.4094
-4.01944	-0.282683
-0.270798	-0.758571
-2.72817	-0.912803
0.11693	-0.798267
-0.978555	-11.8877
-12.2865	-18.7091
-16.4362	-0.685815
2.40559	-15.586
-19.052	-10.2338
-12.1263	-13.7435
-11.4906	-2.88687
-7.63567	4.3741
11.9285	-9.02134
-11.0483	-1.34688
1.28154	2.17404
-2.76608	-11.2139
-11.19	1.09341
4.05147	-1.60679
-5.64774	2.54462
2.4612	-0.530967
-2.21002	-1.65154
-0.688242	-0.61783
2.30105	-0.440663
-0.551421	-0.704157
-0.880911	-9.29705
-10.481	-9.03677
-10.1852	-2.14179
-3.86915	-21.6242
-23.1572	-20.6882
-18.9292	4.92954
5.15254	4.40924
4.31566	-2.16987
-2.26422	2.02437
6.26348	2.41298
2.21305	-19.1896
-12.5034	1.2817
-1.66255	3.80157
-2.74506	-8.71894
-3.01909	4.90404
2.45783	-8.24362
-2.51306	1.97502
1.35207	-3.12751
-4.88258	0.162998
1.15221	-1.74428
-2.19827	-18.0468
-19.2095	1.58722
-1.83128	0.183652
-0.98735	-34.5497
-30.5184	-15.1302
-14.9621	4.78004
7.28784	-3.35468
-1.63073	-3.77193
-7.77932	-7.14469
-10.4713	-5.43748
-3.52737	-6.29318
-5.05157	-5.96747
-8.18584	-5.19147
-2.23	0.164589
-1.05055	3.09927
-2.74491	-9.2249
-2.11342	-3.74294
-3.01403	-1.09184
-0.746155	-2.24519
-1.63503	-0.762643
-0.883584	-17.9745
-18.5815	-23.8183
-23.6103	-2.07723
-1.1827	-21.7815
-20.8878	-6.58842
-7.03922	1.16127
-1.69167	0.0638371
0.888723	-1.45527
9.1466	-1.55119
0.107329	-7.98055
-8.3542	-0.901747
-2.53277	-2.79499
-1.30547	-1.01347
-6.92013	-9.89798
-2.75787	-0.77775
-4.62469	0.452502
2.39433	-6.05635
-6.62394	-0.517299
-2.55318	-2.78639
-1.71533	-0.0286631
-0.97467	-14.2092
-11.7837	-9.06073
-13.0363	4.25615
4.79675	-15.8566
-7.60388	1.9851
-0.391075	-4.30433
1.52417	-3.71162
-0.631501	8.97609
-6.29916	-1.36736
-11.6478	-3.55913
-5.04468	-3.21968
1.56788	-3.39535
-8.80722	-5.34004
2.23929	0.885481
-0.629862	-1.88
-4.06883	-5.58927
-0.0510381	-0.597429
-2.58103	0.494944
-4.21999	1.01484
0.311531	-1.64249
0.0438756	-5.40695
-9.21254	-20.4708
-23.5356	5.29059
-0.375881	-16.8575
-16.9785	1.51836
0.712633	-9.8747
-14.4849	-33.8812
-35.9099	3.35066
8.28277	-3.24196
-4.0469	-1.50024
-8.08424	-7.95566
-5.22305	-6.92193
-6.57507	-0.70145
0.998499	2.55279
4.45228	0.484306
1.48617	-1.95478
-0.52777	2.86043
-1.47918	-2.41296
-1.02422	-1.1823
0.650736	-0.38398
0.761141	-29.7241
-29.7101	-9.44347
-4.70875	-6.5319
-5.45336	-8.82177
-11.754	-1.98698
-10.8206	5.83909
3.42171	-19.2867
-15.6586	3.41498
0.95922	-3.17479
-5.43637	6.81197
-3.80536	-0.291532
1.73201	-0.427348
-8.49364	-3.42735
-0.764551	-5.5701
0.0976616	0.941011
-1.57433	-1.04073
1.20422	-2.91978
-1.98127	-3.61462
-3.11387	-2.56273
-2.50573	-0.965656
-0.759874	-11.8792
-11.8506	-17.3986
-16.9691	-12.2014
-10.9134	-11.2165
-11.3715	-5.6935
-1.29743	-18.0234
-14.2056	6.58133
2.18493	8.05789
0.4922	-5.10788
-6.21466	-5.27111
-9.30755	-0.440698
-4.38485	-9.07018
-12.9306	7.31356
5.57989	-2.30284
4.41683	2.38805
3.03297	-11.4529
-7.88585	1.31636
-1.55083	1.02174
-1.5719	-1.09513
-2.46388	-1.88195
-1.76878	-10.8092
-9.01564	-16.0696
-16.4017	-4.01616
-5.99824	-10.962
-12.8543	-5.27027
-7.8335	-14.0568
-15.1983	-3.12698
-3.45911	7.26304
6.40842	-6.2161
-4.95473	-2.4045
-5.08854	-6.34205
-2.2898	-3.33205
-4.8513	-4.79914
-2.65737	-7.08435
-6.09874	2.87702
2.03747	0.0552192
0.481317	0.70839
0.300863	0.344168
-0.192061	0.929617
1.40267	0.316816
0.546447	-12.3985
-12.2229	-2.53059
-2.22288	-12.6971
-12.2628	-4.3238
-0.951694	-11.0868
-11.6489	-7.01873
0.880156	-2.74355
-2.91896	5.09695
-3.02038	2.44075
-3.16357	-13.2966
-5.47064	0.207909
2.94295	-13.2065
-10.6188	3.91291
4.80402	-14.5099
-11.8052	1.02582
2.22755	-3.63826
-4.7271	-4.36374
-2.56032	4.35775
0.739712	-0.430148
-1.05825	0.790736
3.6302	-15.1421
-16.9148	-13.7723
-15.7881	0.844367
-2.66589	-11.155
-14.7752	-7.25563
-16.6419	-2.38584
2.41692	-4.892
-2.92092	-3.7925
-5.91024	-7.57241
-7.57525	-5.61421
-5.4062	-12.9233
-12.6886	5.34733
1.86908	0.700164
0.348468	-9.20895
-7.04391	-0.669308
-1.77857	-3.3146
-3.78153	2.17674
2.17184	1.50972
2.40622	-0.516817
-0.270452	-0.0747488
0.294197	-9.67616
-9.23689	-20.2028
-20.7985	-13.021
-9.03173	-17.2211
-10.226	-0.0177438
-8.87682	-4.84727
-7.94861	-8.26591
-1.23279	-0.978285
-6.32557	2.42593
-2.39593	-11.7036
-8.61592	-0.363894
5.85832	8.45854
0.569248	-0.540603
-2.08378	-4.21266
0.894902	-0.358377
-2.49318	-5.89254
-11.4953	0.464992
1.89035	-0.0487129
-1.77302	0.0847938
1.07795	-0.977849
-0.950688	-5.04688
-11.3783	-2.1402
-2.89443	2.6799
1.62864	3.59362
-5.35072	-4.74233
-2.05322	4.72345
9.1227	1.70341
-10.5274	-4.68354
-4.65982	3.42224
-1.57021	-7.43532
-4.82485	-3.95764
-2.80563	1.70893
3.03811	-2.82712
-2.47717	-2.42664
-1.46268	-0.834212
-0.667362	-0.960501
-1.82212	-0.348445
-0.964396	-13.6223
-7.82343	-11.6375
-4.80633	5.8885
9.27428	-19.413
-9.49903	-13.99
-9.31246	-1.3103
-0.605947	-2.05289
-8.00545	-7.91061
-1.736	-1.00222
3.20033	-1.66662
3.1223	-11.8206
-8.1155	-6.31118
-11.0082	7.39202
3.34816	-9.61213
-7.95555	-0.267891
-1.51758	-2.05207
-1.74605	-4.1776
-4.96023	-1.26315
0.15868	-0.49473
0.190683	0.401629
0.0338265	-27.9707
-27.0287	-13.9005
-13.369	-2.19635
0.0534989	-18.8176
-22.5276	-10.0334
-8.57667	0.96984
-4.31712	-17.0554
-16.2406	3.74327
2.26878	-3.35546
-6.68079	-7.31869
-9.74161	1.54762
1.37894	-22.3191
-24.8467	15.8372
10.4145	-3.93549
-4.93761	6.49653
4.77702	-1.93999
-3.10231	0.307306
0.891574	-2.10067
-1.49717	0.0746111
0.526511	-1.05663
-0.98446	-13.0999
-12.5941	-17.6655
-15.5272	-6.97978
-8.9065	-5.99218
-8.19518	-12.7018
-12.7336	-16.9019
-14.3791	-5.74176
-0.0516826	12.0743
13.838	-4.68323
-6.87436	-15.2227
-15.2207	-4.70171
-4.64753	0.547455
2.49695	2.68385
2.89137	-7.76732
-8.45347	1.53725
1.01782	0.123191
1.93461	-3.89093
-4.36328	1.08989
0.307426	0.495506
-0.35302	0.917354
0.364438	-10.5157
-8.3928	-11.9763
-10.3592	-5.98609
-0.472773	-5.54998
-7.05185	-8.26936
-15.3412	-10.4459
-13.7773	-3.34012
-0.190879	7.24032
7.65995	-10.807
-11.8133	-4.88218
-2.52164	-4.94407
-5.69691	-15.3611
-11.795	1.98459
0.938895	-5.50715
-2.45062	0.406782
1.7842	-2.04238
-6.22907	-6.98449
-3.2772	0.740367
-0.814197	1.65188
-1.20981	-1.18003
-1.02405	-30.0065
-29.2982	-7.26742
-9.34796	-0.701482
-1.96635	-10.3232
-10.9075	-11.6776
-16.3855	1.12274
2.90838	1.40279
2.31895	-1.60021
-2.82588	-14.4738
-12.7698	-0.253687
-0.00245781	-11.1583
-11.152	0.143591
-3.21641	-4.62567
-6.36649	-1.2645
2.77347	1.21118
0.980757	0.815326
-0.516238	0.880562
1.47521	1.43869
2.93359	0.269229
2.18057	-0.277385
0.0926165	-8.72521
-10.6551	-18.0286
-19.4423	-3.1657
-6.55947	-20.886
-20.2761	-14.6105
-13.9107	12.7204
10.1424	-0.79605
-2.18952	-7.22025
-4.35505	-5.07457
1.71648	-13.3403
-12.6988	-4.86132
-9.02111	3.13498
-0.486238	-12.6197
-9.5658	-2.99885
-0.906948	6.16906
6.28931	-3.08159
-0.810814	11.4784
6.47463	-2.21331
-3.54647	2.03474
0.329553	-0.387359
0.60888	-28.2386
-24.4529	-3.37612
-3.49063	-3.273
-0.879863	-15.4686
-21.127	-9.25108
-10.2751	-0.824981
-5.96755	-14.4578
-25.3528	4.55068
8.27155	-18.1145
-12.0238	9.69054
9.58762	-8.27247
-11.6635	-4.88737
-15.2743	-0.939475
2.19365	-3.18443
12.3367	3.15546
6.16959	7.15361
4.06093	2.81782
1.5481	3.95624
-2.18079	-2.54397
2.04797	-0.323864
-0.143209	-18.6556
-17.5685	-14.3495
-16.4676	-1.3121
-5.54224	-18.4464
-23.1525	-0.550201
1.77428	-10.9458
-10.1993	-14.3926
-13.6272	7.09309
5.08995	-6.74432
-10.0724	-3.57653
-8.46087	-8.44936
-10.1162	-5.82766
-13.2801	-0.174162
5.76045	-4.38892
-8.159	11.6166
9.56575	-4.57305
-2.86848	3.35576
0.420728	-2.28384
-0.8548	-0.381712
0.367911	-2.22415
-1.93472	-7.44916
-10.6572	-13.3044
-16.5101	-1.21057
-2.94795	-7.10643
-14.4647	-20.2763
-12.0093	8.2105
9.62665	-15.13
-2.43941	-1.00907
-3.157	-7.27311
-9.99945	-16.8733
-4.95813	8.3672
10.5577	-12.4276
-11.5794	6.1139
6.44365	-0.647033
0.040734	3.63226
1.52649	-3.87377
-3.69578	1.72977
2.51968	-1.43479
-2.3697	1.91972
1.28901	-0.596014
0.193568	-7.11957
-8.13235	-14.7873
-18.5887	3.13897
9.47848	-16.8856
-21.1044	-1.07933
-0.271878	-13.0754
-15.4535	-19.0134
-19.0418	-4.26866
5.33603	-8.31908
-5.561	-5.68754
-5.46312	-1.50373
-5.22892	-11.9684
-15.8938	-2.20578
0.980261	-5.11112
-6.51828	-0.673081
2.4687	-5.81255
-8.66807	2.19398
0.189285	-0.050447
2.81319	1.55494
-1.18207	1.2306
0.588726	-18.5692
-21.7189	-14.9889
-15.7684	-10.2131
-4.50717	-10.5093
-17.8778	-12.6515
-12.4578	4.58603
5.69178	1.24736
1.16078	-2.15487
-3.76689	-16.8385
-15.3801	-1.00108
-2.60442	-13.499
-16.7883	-2.0529
-4.07496	0.287354
-3.39268	-7.17613
-5.86032	-0.508117
2.65582	-0.0236843
-0.961334	4.54821
-0.906066	-0.416858
-0.409868	1.24283
-1.16282	0.727837
-0.922706	-13.0862
-20.096	-11.6882
-14.2837	-2.21919
-10.9385	-8.38069
-15.9769	-5.69619
-10.17	0.460368
-11.0735	-4.24268
-9.89665	8.10689
12.1729	2.73152
3.68721	-8.46728
-5.50343	-3.19433
-1.53822	-11.4947
-12.583	-0.312048
1.25152	-1.79505
-2.31141	-9.33197
-6.12391	5.69983
6.44727	-4.39657
-3.86011	0.504652
0.0092222	-1.0577
0.346331	-0.402072
0.164458	-16.9816
-16.9651	-8.50543
-8.83967	0.372721
-0.45438	-29.4255
-28.1361	-16.9794
-17.326	-2.61548
-14.1236	8.13872
1.87592	5.70449
-2.36963	-7.0314
-2.07966	-14.4187
-11.3178	1.93754
2.73568	-5.68451
-8.56981	-1.47753
-1.36646	-6.2594
-9.01498	3.74559
5.24267	-4.12704
-4.10901	-1.05325
-1.36247	-0.612773
-2.18535	0.556008
0.975434	-0.807269
-0.245322	-12.6342
-11.288	-24.0307
-24.3567	-1.29215
-1.4035	2.14337
7.70755	8.22577
2.2623	2.46945
2.1097	8.70876
-4.40925	-2.09469
-11.7376	0.643989
-2.84416	-3.8303
-9.80419	6.58936
1.1057	4.04273
-1.28491	-2.85429
-4.60425	1.32768
-4.62229	-5.52853
-6.58931	-4.95529
4.93832	3.7425
-1.96115	2.74989
17.1072	-10.0521
-8.42401	2.18632
3.31892	3.79797
3.08736	-1.61058
11.6804	2.32573
-3.50555	-3.78952
-5.46593	-3.30054
-1.84385	-1.11018
0.250816	-1.12125
-3.16903	-2.86154
-2.59171	-1.1389
-2.86193	-0.98255
-0.899899	-10.977
-8.63078	-6.39871
-4.19496	6.45601
6.11291	-19.9045
-19.8019	2.82031
-0.232643	-14.3503
-10.7252	-23.0165
-10.0414	-4.75097
3.36956	-4.8479
-10.1378	-4.77747
-13.7233	-15.4944
-6.58342	8.07618
2.8055	5.50285
-5.51818	-2.38415
-9.91302	0.537541
1.02472	-4.46808
-2.88597	-0.534332
0.771494	-4.16225
-1.39323	-1.59297
-1.20776	-0.281135
-0.675827	-14.3195
-12.1504	-23.4557
-17.8787	6.97429
1.58979	-16.1499
-19.792	-5.22883
-3.92205	-14.3346
-15.777	-6.2043
3.48876	10.4528
1.54475	-18.3029
-17.7354	-1.22229
0.32062	-7.01526
-5.15627	-4.64581
-1.92294	2.45226
1.70802	-7.00008
-8.8023	2.06073
4.02042	-2.03504
-1.50185	-2.5688
-3.5006	-0.0387047
-1.93282	-3.46751
-3.71882	-0.30929
-2.03878	-9.42765
-2.82192	-11.1254
-6.58579	1.19703
-2.98545	-12.2622
-21.9862	-5.27989
-7.82913	-3.17322
-3.9041	-28.8314
-29.7251	2.2898
6.46955	-6.82575
-14.4126	-11.5879
-10.7049	1.62901
3.37852	-8.83942
-9.47409	3.35181
2.82767	-0.228246
1.14893	7.55706
8.32179	-4.4655
-3.86403	1.42592
0.811364	-3.43118
-2.08263	0.142223
-2.95643	0.145556
0.136561	-13.4128
-13.4372	-2.26929
-4.95653	-3.43745
-2.45174	-10.1862
-12.3346	-18.2816
-17.4249	0.90554
-4.89619	-1.04325
-0.163751	-1.20329
-0.999267	-11.12
-14.1181	3.58221
7.05159	-12.6831
-9.05572	-7.29809
-9.3747	-3.0241
-2.90847	-1.39538
-2.46294	3.31756
1.68734	-1.46225
-0.669755	-0.991674
-0.0317512	2.09932
0.455307	0.0353682
0.891417	-0.0441593
0.589757	-8.67134
-5.47389	-11.3754
-7.39528	-20.8292
-6.74711	-12.6114
-12.23	-4.27648
-11.6249	1.82154
-6.36317	0.522611
-0.956091	1.60424
-6.78752	-4.93352
0.948983	-3.5803
-8.77111	-11.4384
2.64917	-0.50858
1.92792	-9.31661
-3.70217	-6.33962
-6.09244	6.42026
-0.768137	-0.969616
1.34488	-3.14149
-1.62544	-1.10359
1.57798	1.96628
1.44754	-1.34004
-1.59126	-16.5258
-15.4527	-23.3463
-20.2149	-3.44417
-2.41088	-14.8591
-4.30718	-14.3874
-14.8405	-3.60183
-2.03466	-2.34558
-4.88551	1.11617
0.108159	-6.85016
-12.1407	0.0303731
-13.4122	-0.908656
-11.6599	0.777328
-2.53843	3.02284
-1.17116	5.41239
6.30002	-0.33124
0.31017	4.01635
2.87971	0.304782
-4.30047	-1.472
0.0840563	0.258598
-0.487918	-0.773886
0.0112512	-14.7334
-13.1188	-17.9515
-15.6859	10.8719
4.55601	-21.1731
-24.0511	-10.7103
-13.769	-6.87747
0.4233	3.84066
-0.0792858	-1.43134
3.10509	-9.93064
-5.56257	0.599821
3.6024	-15.4882
-10.109	-5.48767
3.70356	-0.171762
1.7175	4.32523
0.710625	6.55335
3.55397	1.70036
1.28742	2.19554
-4.75601	-3.16814
-0.979473	-1.96385
0.699073	-0.219054
1.52634	-20.8984
-19.3585	-14.9144
-16.4988	5.30226
2.25602	-11.6145
-11.0992	-13.8149
-11.4458	-15.544
-9.91604	0.432322
3.68304	-9.37288
-10.1421	-4.72338
2.52152	-3.81005
-9.31037	1.99047
-0.869534	-9.17601
-11.3691	3.69114
1.83691	-4.9372
-3.4509	-0.235913
0.78249	-4.02145
-3.54022	0.350205
0.947034	-3.43634
-1.42908	3.68683
1.40432	0.645301
0.741008	-17.9589
-17.133	-12.0513
-13.7432	-2.89496
-1.46038	-20.5376
-18.2317	-2.90755
-2.39468	9.17044
5.78036	-7.03465
-5.84511	-10.9949
-9.82685	-9.3935
-11.7812	0.230965
3.00771	-1.28046
0.0268974	-10.6541
-9.15392	2.81157
3.73533	-2.63407
-1.37684	-5.32203
0.713451	-2.24747
-4.12408	-5.28053
-2.08816	-0.386639
1.96903	1.07573
-1.264	-7.49131
-10.1287	-1.91543
-3.15036	-2.98618
3.70346	-11.8201
-6.84279	-4.99402
4.15642	-4.20007
-8.27894	0.712757
-13.4526	-6.13121
-11.1109	-7.69705
-0.470523	-4.38653
-7.25141	-0.128863
2.93104	0.255964
-0.898013	-4.40513
-1.74267	-1.13966
-3.71639	-1.96411
-1.10504	0.195591
-0.674223	-4.72591
-5.88008	-3.83056
-3.27355	4.55077
9.25095	-13.8897
-10.4355	-1.61897
-8.68392	-8.39386
-14.1996	-5.05424
-8.27166	-1.49131
1.04322	6.20777
-1.00518	-3.56264
5.51749	2.75088
-2.90954	-8.427
-8.33938	-3.32935
-0.589696	-8.89724
-5.06921	6.94337
7.12433	-0.860119
-0.28967	-0.566196
-0.424209	-2.08955
-1.62413	-0.306958
-1.30316	-1.39811
-1.48393	-14.3053
-16.1301	-8.20414
-12.4606	1.22177
3.11259	-21.6015
-23.5669	-11.0855
-12.0059	-4.7452
-13.7178	-8.61002
-20.9756	-0.38303
8.75645	2.39752
1.76089	-14.2181
-13.8472	-3.025
-6.26494	-11.669
-9.26907	3.51828
3.12607	-1.90977
-7.39544	-4.80854
0.475265	-5.12668
-6.92095	-1.95105
-0.953255	-4.58318
-4.06638	-2.11197
-1.60983	-1.34975
-1.00812	-7.39835
-15.8041	-18.2868
-24.8196	-0.257975
-6.34005	-0.355878
6.64613	-19.1513
-18.8971	-7.93927
-3.52818	-3.20127
-1.89141	3.49563
1.65714	-3.11636
-1.5077	4.0433
-1.84571	-7.48636
-16.8749	-15.059
-6.20545	8.68685
9.15483	4.30211
4.16306	6.90026
4.53842	0.166165
-4.43683	3.03343
4.46086	3.89174
1.43803	-1.51359
-0.609662	-2.28759
-0.108024	-8.69383
-12.1502	-7.03738
-7.8016	5.40785
5.17481	-7.92904
-3.96602	-6.57498
-8.75262	-6.88968
-5.18601	-3.71015
-9.54714	-6.74592
-12.2463	0.730196
-6.60371	-11.3623
-10.7509	3.086
3.24063	-7.14745
-7.55111	0.795116
5.76193	-8.49981
-7.10487	3.71738
1.76281	0.377386
1.6287	0.237584
3.8926	-0.391391
-0.788592	-0.973503
1.23369	-0.570442
0.205418	-16.117
-15.5325	-0.824695
-3.33823	0.608787
3.5447	-31.1094
-30.44	-13.3579
-11.936	-12.1278
-12.9506	-18.2168
-17.4805	3.89134
1.64472	-3.66182
-5.5235	-17.964
-13.9032	3.33335
-5.51082	-5.87407
-4.81712	-1.20195
5.8203	-3.35719
-9.01677	0.294626
1.62629	-5.72752
-2.59054	-0.492954
-3.62586	0.193842
-3.20161	-0.503384
2.03102	1.29282
0.862849	-15.9942
-16.5158	-10.068
-12.8258	-0.990213
-2.81161	-21.1425
-17.8457	-16.927
-15.9732	-9.59221
-10.1068	3.88172
10.1844	1.09583
-1.56833	-14.4352
-7.34446	-10.3665
-18.0723	-9.08819
-6.85876	-7.02577
-2.90012	-0.287823
-7.83754	7.46273
-2.81914	-4.24856
-3.43876	1.6985
-0.970366	-0.761347
-1.43599	-0.184914
0.121944	0.464988
-0.271915	-0.467474
-0.587375	-9.99314
-9.97795	-21.5149
-18.2828	0.440338
-4.29562	-6.86022
-5.34209	-14.1192
-11.275	-21.1253
-13.5676	-6.44527
-3.77235	5.59604
0.951975	-6.42202
-8.38456	1.54036
2.64872	-14.0193
-14.3592	-7.39134
-8.29177	0.74245
3.69398	-3.25799
-6.93314	3.88848
4.10762	2.02678
-1.7003	8.3285
-0.217084	0.36592
2.44225	1.25807
0.219598	-0.845501
-1.18882	-24.2922
-29.3455	-13.0109
-11.9959	7.77961
7.39093	-25.4129
-28.0001	-3.79226
-5.21514	-16.9326
-17.9844	-12.7481
-11.2638	-0.344088
-0.523229	-5.50697
-4.94625	-9.77827
-8.48296	-0.428031
4.94161	-16.5783
-12.8471	-2.99439
0.0901706	-5.7209
-3.21166	1.95495
3.37234	0.553852
0.00404192	1.89748
1.13365	0.387582
0.463875	0.303348
1.92839	-0.816831
-0.296682	-15.6543
-15.5456	8.9519
10.0785	-13.3067
-10.7233	-21.9373
-21.9115	10.4917
10.1738	-17.7601
-20.0625	-5.64928
-3.1647	-3.36896
-4.80643	-3.16722
-8.48551	3.99933
2.35188	-10.5597
-5.04666	-16.989
-13.5388	0.427786
-1.82977	-9.4572
-4.38057	-5.70915
-13.5058	1.66201
3.98348	-2.33543
-4.82684	-7.16225
-8.27549	4.72769
-0.974284	-3.57092
-4.17943	3.75791
1.8629	-7.03734
-6.57743	-10.1227
-5.37721	3.34224
0.111149	5.60325
-3.65826	-3.84572
-2.48613	-0.70895
0.340217	-3.07676
-3.60467	-1.01283
-0.197321	-1.79584
-0.960525	-9.04299
-13.1962	-6.53969
-0.846514	-1.07505
-0.649321	-0.641146
-4.294	-12.8445
-9.53001	0.928891
-5.61447	-2.57303
0.575572	-3.63511
4.91191	-2.13222
-4.03369	0.852142
-1.35908	1.44753
9.84475	6.8343
-5.07502	-1.34373
6.43318	0.773485
6.60367	7.76282
5.31004	-1.30923
4.163	0.162656
-5.05346	-3.00244
-2.49669	-0.146245
-0.273332	-2.61235
-2.03346	-13.5313
-14.3802	-21.9238
-21.9652	-12.184
-10.0502	-11.4716
-11.5307	-8.39843
-10.7332	-8.49564
-12.2493	-3.04365
-1.83047	8.18144
12.2388	-16.2727
-14.4204	0.577821
0.331781	-10.5319
-10.437	-7.1152
-7.06642	1.79477
2.18666	-3.18551
-3.4744	-0.0580744
0.657102	-9.71463
-10.6192	-1.06943
-0.968296	-5.10169
-5.3158	-1.04198
-2.44279	-1.24909
-0.245677	-9.75754
-8.69553	-8.37228
-9.08374	7.4223
7.81054	-11.0676
-13.6424	-13.6953
-12.74	-4.69772
-9.72491	-20.2715
-18.066	3.17047
3.39094	-18.3024
-18.0152	-17.9163
-3.53409	1.14316
-15.2301	-1.61646
3.22974	3.20859
2.68958	-7.33926
-7.9015	3.23223
2.58599	-1.55053
-0.658872	-0.429173
-0.515192	-1.95938
-0.418936	-0.146644
-0.160932	-1.32409
-1.28363	-13.9707
-11.6966	-23.9359
-22.6801	-6.12096
-2.8099	-15.6751
-20.0261	-16.6518
-15.2236	-4.39191
-6.50578	0.0568551
-4.32334	1.92306
3.11972	-13.2605
-5.25697	-4.37607
-9.23258	-6.46953
-5.01645	-10.2233
-9.82291	7.4805
7.46959	-3.53886
-1.62157	1.7581
0.53168	0.785398
0.389928	-2.00548
-1.33911	-1.6404
-0.944836	-1.24205
0.456312	-1.28678
-1.50809	-4.13146
-7.39582	-18.7762
-21.5652	-17.3181
-17.2622	-12.1152
-10.5768	4.91609
4.43155	-14.6977
-12.7675	-3.66117
-1.78554	7.17619
12.5891	-16.9078
-12.8949	-2.43875
-3.42033	-19.7513
-20.5311	0.689363
1.35504	-4.81853
-3.1621	-3.63381
1.09681	-0.0854476
-1.68318	-4.83514
-1.15622	1.77298
-0.539846	-0.315595
0.820302	-0.0462226
-0.323112	-0.860899
-0.753244	-15.2253
-13.4701	-10.3174
-5.81462	5.35955
2.70424	-21.9181
-21.8975	-1.74368
-3.63626	-5.75406
-3.54514	-26.2229
-16.9365	-2.76995
-6.33909	-8.09515
-9.40912	-6.66864
-6.06522	-14.9335
-17.3526	2.4713
0.840659	-0.478062
1.24968	-0.49945
-2.67111	3.3391
6.69079	2.41432
0.967277	-1.63158
-2.68947	-2.95044
-2.96118	0.156155
-1.40718	-1.53827
-1.09331	-9.50495
-11.8308	-5.88954
-7.3123	7.46929
8.02105	-11.2003
-5.45959	-9.42895
-18.3775	11.9305
11.4591	-5.7227
-8.12573	5.00751
-4.74266	7.38669
5.34823	-10.4605
-10.0485	8.85789
4.12893	-12.2204
-14.121	4.90563
0.149975	-4.81472
-8.97603	3.69183
1.3718	-4.29651
-4.0574	0.674089
0.02043	-3.88727
-4.15387	2.32781
1.80478	-0.727578
-0.543076	-18.3112
-17.2855	-2.44637
-4.18407	9.17382
7.25238	-17.0459
-10.7418	-12.8173
-10.7579	-6.26995
-2.44251	-11.5611
-9.08106	2.6554
-6.57539	0.860986
-2.19326	9.50426
-7.1708	-12.0261
-8.60351	-11.5013
-8.02821	0.602425
2.56577	-4.39998
-2.65976	-2.07537
-0.158365	-1.85742
-0.679673	-6.99248
-5.60791	-1.57102
-2.68799	-2.12207
-0.752108	-1.17874
-0.520963	-13.3433
-16.7092	-1.21982
0.317494	5.43745
3.62323	-10.8939
-13.9519	-13.2464
-17.4795	-6.57054
-6.58975	-1.09069
0.293707	-3.22326
-4.78236	-12.0195
-21.9477	-14.6532
-16.2035	13.213
6.78102	-14.6225
-16.599	0.950189
1.15955	-3.44233
-2.88732	4.75717
0.24296	7.92178
5.38957	2.46461
1.51648	-0.272907
-0.282642	-1.12466
-1.25278	0.129037
-0.276155	-16.5797
-16.2396	4.64049
3.23319	-2.55751
0.474221	-25.271
-24.1745	-8.76428
-12.2155	6.61771
-0.305928	-12.5864
-10.3467	1.96573
-0.688769	7.07098
5.91562	-7.45176
-7.06926	1.07348
-0.423272	-18.1586
-21.8044	7.76231
5.82603	2.65465
-2.59119	-0.899447
1.49406	3.53184
0.948791	-1.85309
-0.353909	-0.287058
0.418109	1.35118
1.09559	-0.325498
-0.1528	-18.1652
-17.9918	-25.8269
-25.2209	1.7443
2.20937	-13.1484
-14.7081	0.0827842
0.329424	-9.66039
-12.019	2.94429
-6.63591	-10.4831
-9.69644	-7.9278
-4.65427	-0.954924
0.567756	-5.55956
-5.51683	-13.7093
-15.0326	-2.20941
-2.96901	9.67294
8.48798	-1.77541
-3.00973	-0.750968
-3.54719	1.69061
-0.614042	0.807493
0.998877	-1.25447
0.00585464	2.29212
-2.28169	-18.5383
-18.0821	-16.3991
-15.535	4.61057
0.103008	-8.9803
-6.98927	-3.46193
-3.48495	-0.472373
-4.49793	-5.33623
5.04124	-19.7452
-8.65961	-5.89007
2.71309	-11.7597
-2.49673	-13.2802
-9.82294	7.10258
10.9453	-7.26273
-16.9103	-2.10098
-2.38737	-2.51626
-8.82883	-2.11753
-4.39103	-2.91061
-1.65878	1.80081
1.6965	1.41714
2.19481	1.08428
-1.64809	-15.8121
-17.1785	-12.9766
-18.5314	-2.02708
-3.34104	-17.1351
-17.6463	-3.05484
-1.79096	1.6656
0.881407	-2.99171
0.287369	-11.4682
-8.26349	-7.06218
-8.85943	-8.24955
-0.664505	3.75326
-3.65172	-2.38826
-9.95655	-0.997109
0.704363	-3.74777
-5.63645	1.35112
1.97455	7.29797
5.48062	0.386119
1.07132	-1.77614
-0.765898	-0.441347
-0.178689	-1.08406
-1.26011	-11.8957
-11.8043	-15.4202
-17.2025	-6.16473
-8.44658	-9.43913
-7.3308	-11.8893
-8.31241	-9.3815
-8.35436	-4.50002
-8.72704	10.2251
11.3457	-13.0022
-7.40484	-2.8387
-4.17009	-20.8044
-21.8908	-2.49502
-2.13354	0.75294
0.397092	-2.28601
-4.10769	-1.54263
-0.210755	-1.74579
-2.69568	0.323863
-0.64864	-1.68052
-1.48129	-0.0667331
0.0468799	0.511631
-0.440943	-11.8376
-13.1439	-21.5229
-21.3665	-8.72309
-3.49455	-6.28475
-8.31254	-6.09947
-3.56678	5.44136
-11.5823	-2.97508
-2.78675	17.8778
-0.93697	1.52354
-0.39786	-12.4303
-12.9125	-7.56972
-5.67666	-7.88984
-6.57272	9.14533
11.2078	-10.8783
-10.4223	-0.933947
1.16166	-1.84496
-0.397701	-3.06041
-1.09414	-0.0812017
-0.893859	1.53503
1.38224	-0.490254
-1.34663	-17.9784
-27.9954	-14.2738
-18.3014	-7.07063
-10.0586	1.73075
-5.27241	-4.10032
-7.15021	9.0386
-2.00264	5.463
-6.93046	-0.441479
4.20288	5.14583
3.5679	-1.34772
-2.7658	-6.34569
4.08085	-4.80412
4.69347	0.766845
-4.50857	2.25048
7.96837	0.0577698
0.94721	-4.60699
-6.27142	-0.757829
-1.11044	-0.845574
-1.63308	-0.638475
-1.52658	-1.5153
-0.164004	-12.291
-12.7383	-18.8383
-21.9298	-5.30174
-5.12971	-9.82235
-9.33024	-1.32423
-0.986275	-10.7759
-7.86443	1.80872
2.21501	-7.14454
-2.09875	-9.6502
-12.402	0.707408
5.72513	-1.9733
5.65946	-4.66429
-11.68	-11.5989
-2.60057	-1.78087
-8.51772	-1.03431
-12.8027	-21.9799
-19.0789	-3.13558
-0.917863	-2.93803
-6.2551	-21.4983
-25.548	16.588
12.1418	-17.6537
-25.0197	-4.40035
-1.58515	-5.40398
-3.61319	-12.6994
-14.3752	5.19784
5.81681	0.910278
2.87356	-2.53968
-1.60503	-1.62627
-3.76409	2.79996
1.42161	-3.10935
-2.36742	-2.2979
0.0642186	-0.728026
1.06576	-24.7049
-29.459	-11.1133
-10.957	-3.4159
-0.476744	-6.61773
-4.7786	-17.1317
-18.8393	-5.83878
-4.5999	10.8056
25.6307	-5.1926
3.56018	6.87437
2.16345	4.62623
2.50136	-1.04651
-8.22153	-0.236853
7.52071	1.67971
6.97599	-0.812754
-7.00288	-2.22868
-0.253318	0.790795
-0.0220129	-0.265825
-0.751956	0.863864
0.940862	-1.58177
-2.22071	-0.0222617
-1.18	-16.5219
-15.1594	-28.8969
-28.6348	-15.5022
-16.075	-0.528836
-2.26204	0.39745
-3.30203	-5.43935
-7.5291	-10.645
-10.1061	7.21243
7.81807	-13.1638
-12.4872	-7.48122
-5.63054	-9.24759
-3.74559	5.56394
4.88864	-2.75202
-6.64339	-7.66799
-7.13887	7.50494
5.61705	-5.50385
-4.62167	-0.272717
0.301885	-4.58046
-3.80644	-2.20981
-2.22565	-1.60039
-2.16409	-12.7052
-12.6499	-19.4036
-19.423	-8.98851
-7.09351	-11.3341
-10.4224	-5.52696
-4.8527	-5.29319
-3.53752	2.66452
1.30507	-0.10509
5.01899	6.38416
4.88725	-6.7703
0.0135586	-2.36972
-11.2303	6.92061
0.36217	5.43406
6.80241	0.722838
-3.87629	1.92703
4.63847	-5.67881
-5.31302	-1.71137
-0.555071	-0.542432
-0.533735	1.00518
1.19257	-0.483952
-0.710008	-15.5072
-15.392	-22.2797
-24.4933	-5.03834
1.05797	-22.192
-10.2764	-9.52123
-7.36842	-3.02489
-9.35229	-7.6323
-7.8385	20.3852
-1.48288	0.946279
-4.2681	-7.3905
-7.42835	-5.20695
-11.1794	-2.64652
-5.16601	-5.76416
-6.78169	2.34248
-8.87545	-0.824502
8.44753	-6.89343
-5.20245	-0.223143
4.94699	4.17782
0.557638	-0.669723
-3.07002	-3.2535
-0.408248	-14.5358
-15.8465	-16.2922
-22.6054	-25.7503
-17.253	-11.5926
-10.9771	-8.45224
-9.04113	-4.43778
-5.25087	-15.5238
-13.6835	-1.40932
3.37428	9.38183
11.3685	-3.80928
-4.69132	-11.6372
-11.6443	-6.27866
-6.41818	-2.61891
1.31974	-8.07707
-11.232	2.43794
6.43969	-8.74611
-9.65021	4.27328
3.53467	0.23513
-0.55952	1.7569
1.57117	0.187099
-0.789417	-16.1182
-16.8431	-23.5058
-23.8658	-8.53603
-7.3476	0.177994
3.69359	3.77571
1.94845	-9.27801
-8.55181	2.69345
2.22396	-13.5067
-12.442	-18.9035
-12.0934	0.440248
-1.2544	-11.3716
-9.06589	-5.09932
3.05731	-4.91173
-6.02574	-6.93746
-1.75526	6.3295
0.819547	-4.64332
3.55467	5.28054
2.33392	1.26145
-0.624168	-0.733605
-0.267893	-0.101966
0.325199	-17.3033
-18.4013	-15.593
-12.1946	-4.22609
-3.64829	-12.4938
-12.0033	-3.7004
-6.12358	4.52019
6.19901	-11.6858
-5.34497	-11.052
-7.21704	-4.0935
-4.26473	-3.07774
